0.000000000000000000e+00
0.000000000000000000e+00
0.000000000000000000e+00
0.000000000000000000e+00
0.000000000000000000e+00
0.000000000000000000e+00
0.000000000000000000e+00
0.000000000000000000e+00
0.000000000000000000e+00
0.000000000000000000e+00
0.000000000000000000e+00
0.000000000000000000e+00
-3.618135492235846629e-02
-6.040903029065944896e-01
-2.209006446327903994e+00
-4.212553111653771332e+00
-5.454731649684799066e+00
-5.459477718079392972e+00
-4.466739395855169548e+00
-2.701698176536354357e+00
-5.033064301410656860e-01
1.426810267630093332e+00
2.616139323910620096e+00
2.982519145971953556e+00
2.760878528618502248e+00
2.129653852982324125e+00
1.214899299378073394e+00
3.291386163898343264e-01
-2.511867670933595753e-01
-4.321544404248675031e-01
5.886503460944396762e-03
6.210367220935884003e-01
4.977819331307219985e-01
-2.334376773611726019e-01
-9.667430212821663815e-01
-1.467814915557239086e+00
-1.777129925635329677e+00
-2.017090400144919471e+00
-2.318891466228282461e+00
-2.487586491913712283e+00
-1.800156326048711897e+00
-6.015930691832160893e-02
1.784024539808774179e+00
3.059258120715793616e+00
3.883036564142905434e+00
4.388992894983897664e+00
4.640575433822976770e+00
4.692863553207727634e+00
4.332152839106790054e+00
3.507645556663569586e+00
2.418811654899655217e+00
1.333905186442181812e+00
5.784549895885386928e-01
1.532922559418646857e-01
-2.303753483757651765e-01
-5.913963927605069282e-01
-8.259776174021207229e-01
-8.933421245385999576e-01
-8.259872339773751682e-01
-6.824470088243563826e-01
-5.151972998784619673e-01
-3.582257618783019071e-01
-2.293516751952988653e-01
-1.337705538494453894e-01
-6.905513520579890929e-02
-2.901746514729606000e-02
-6.821335613651843301e-03
3.851440181377993165e-03
7.745120886272124569e-03
8.230029945071029931e-03
6.937775689786198838e-03
5.269223457615013553e-03
3.780982666876825903e-03
-1.693996949369383498e-02
-3.104252067272444959e-01
-9.640867669854140676e-01
-1.566691451551275316e+00
-1.808561204303497982e+00
-1.900648508143662374e+00
-2.062992316726852238e+00
-1.861453113874343757e+00
-1.029213448448608403e+00
5.582431395424548685e-03
5.654342004683492462e-01
3.922584250527877403e-01
-1.310907201830098234e-01
-8.169915132080574072e-01
-1.015273669446816962e+00
-8.811083579813026867e-02
1.262910961250398145e+00
2.078274638683727638e+00
2.058226671168287059e+00
1.802397032986014391e+00
1.828142312209819487e+00
1.912062456822652523e+00
1.490142050192265089e+00
3.042793837990661054e-01
-1.119288141740460762e+00
-1.876825440970884662e+00
-2.127093358903171083e+00
-2.603413909696546291e+00
-3.034930250448838684e+00
-2.539136403247890694e+00
-9.058239087650156174e-01
7.913281853333886673e-01
1.660863528820471391e+00
1.666500187719379689e+00
1.293084364458767066e+00
9.961372269327675166e-01
8.124029221122046618e-01
5.613886055046306556e-01
1.442958769810958608e-01
-5.906235939549066005e-01
-1.153054983175169301e+00
-8.039888705411930570e-01
8.394778473002020847e-02
8.548763420802215629e-01
1.212302407131335968e+00
1.188216864100782422e+00
9.375003603737732671e-01
6.093470687188620172e-01
3.034350630201216314e-01
6.888118809311161161e-02
-8.201646553055974564e-02
-1.593215886021210614e-01
-1.824317852977865029e-01
-1.719735941197159390e-01
-1.448769298271954664e-01
-1.131945187161594174e-01
-8.318980214328985934e-02
-5.828069382695963419e-02
-3.908590587037785030e-02
-2.544602634008696906e-02
-1.611247146021906745e-02
-9.902255985866498245e-03
-5.956150342353341322e-03
-3.454695169179437635e-03
