0.000000000000000000e+00
0.000000000000000000e+00
0.000000000000000000e+00
0.000000000000000000e+00
0.000000000000000000e+00
0.000000000000000000e+00
0.000000000000000000e+00
0.000000000000000000e+00
0.000000000000000000e+00
0.000000000000000000e+00
0.000000000000000000e+00
0.000000000000000000e+00
1.948703676586654998e-01
3.560656842375898190e+00
1.163874213630598931e+01
1.968979634299168424e+01
2.630522176203322360e+01
3.273868786812010967e+01
3.911576913049774618e+01
4.778765442389831719e+01
5.644884636273312140e+01
5.863369562730200357e+01
5.482611037584324976e+01
4.933867668965550024e+01
4.175719357799000164e+01
3.127514502095752391e+01
1.943843174142104502e+01
1.166748231554282000e+01
1.416062452384814208e+01
2.417624722197322740e+01
3.241426840196257331e+01
3.636043677499714732e+01
3.840647890833006528e+01
4.021670764430359668e+01
4.519579456974491904e+01
5.147216900986585131e+01
5.255724426766449398e+01
4.866393381511242211e+01
4.375280560962220733e+01
3.727842957012013869e+01
3.116258307907282088e+01
2.833523113637001245e+01
2.920450762951993440e+01
3.555851422984976296e+01
4.418583284083712215e+01
4.770285876236881961e+01
4.584186772198385285e+01
4.259570669978156587e+01
4.022450738428651107e+01
3.933002849253340116e+01
3.650323741243880704e+01
3.281811016308627416e+01
3.404929280124059687e+01
3.941015638252881814e+01
4.168003346672615095e+01
3.698251088922950913e+01
2.677570049840211652e+01
1.466445328851260221e+01
3.729651134660097789e+00
-4.370346292745556305e+00
-9.249223174276243853e+00
-1.132126766493575865e+01
-1.134728357833636991e+01
-1.013308368940418269e+01
-8.349686011748389092e+00
-6.466291657012845917e+00
-4.759524716734629735e+00
-3.357380960162046346e+00
-2.281905678002794868e+00
-1.499922973990059027e+00
-9.583408826197206132e-01
-5.952808418347034225e-01
-3.607407364637166269e-01
-1.976791408997882749e-02
3.435530527826085923e+00
1.176308277915953049e+01
2.321075514633090364e+01
3.792305751882058473e+01
5.202728927692592009e+01
5.829353903345856480e+01
5.705187949200455932e+01
5.281923633253026651e+01
4.573282123320377934e+01
3.833113789862645149e+01
3.400224953170683762e+01
3.344115298656092961e+01
3.877875183748467691e+01
4.982311062069933882e+01
6.052272937741609837e+01
6.266127579320700391e+01
5.405954793114718626e+01
3.860550335078944784e+01
2.457385031059733294e+01
1.750850049741542591e+01
1.461910102842229087e+01
1.477795799369366492e+01
1.853278641055518250e+01
2.490949731314541182e+01
3.516368030504642661e+01
4.610746889965172812e+01
5.067270135460517366e+01
4.899911908048827769e+01
4.544622037332150910e+01
4.275030600891337684e+01
4.466620767210726228e+01
4.942312973333977055e+01
5.319593441178788851e+01
5.737971629655728378e+01
6.069153007818262324e+01
5.778127866612058483e+01
4.696956142508641818e+01
3.146473585515772697e+01
1.860811605083420872e+01
1.316857353032064282e+01
1.185576677231260234e+01
1.328458733932718516e+01
1.773335197455326906e+01
2.108999084789023115e+01
2.017642706012715692e+01
1.528680021302517567e+01
8.551911515445386414e+00
2.057015271243910703e+00
-2.950717075791784438e+00
-6.060658266220880996e+00
-7.428421025704082581e+00
-7.487900307064379035e+00
-6.727984769428599243e+00
-5.577160824239026482e+00
-4.344952811989198693e+00
-3.216626467138401058e+00
-2.279525295110455652e+00
-1.556872965994624547e+00
-1.027572541454342181e+00
-6.582576861522788647e-01
-4.113538388600942453e-01
-2.497849264214374032e-01
-1.480318116560915276e-01
