0.000000000000000000e+00
0.000000000000000000e+00
0.000000000000000000e+00
0.000000000000000000e+00
0.000000000000000000e+00
0.000000000000000000e+00
0.000000000000000000e+00
0.000000000000000000e+00
0.000000000000000000e+00
0.000000000000000000e+00
0.000000000000000000e+00
2.117468768155458814e-01
5.815954678472811779e+00
2.931497425944874280e+01
7.479305282152337497e+01
1.330310237238183788e+02
1.903631137269007354e+02
2.366041191751068595e+02
2.674286993556355014e+02
2.832586522808747418e+02
2.871765853479040516e+02
2.831303571734865727e+02
2.747784222069064413e+02
2.649310653590439415e+02
2.554213577058484077e+02
2.472279886554568407e+02
2.407039398797281819e+02
2.358126607694539985e+02
2.323201047268366608e+02
2.299265213342185348e+02
2.283431204569808983e+02
2.273276901071982081e+02
2.266942258911610963e+02
2.263087202297499232e+02
2.260793170365083995e+02
2.259455657568091169e+02
2.258690280863733904e+02
2.258259770863144240e+02
2.258021432297732360e+02
2.257891410941021775e+02
2.257821947878192077e+02
2.257821947878192077e+02
2.257821947878192077e+02
2.257821947878192077e+02
2.257821947878192077e+02
2.257821947878192077e+02
2.257821947878192077e+02
2.257821947878192077e+02
2.257821947878192077e+02
2.257821947878192077e+02
2.257821947878192077e+02
2.257821947878192077e+02
2.257821947878192077e+02
2.257821947878192077e+02
2.257821947878192077e+02
2.255704479110036687e+02
2.199662401093464155e+02
1.964672205283704898e+02
1.509891419662958469e+02
9.275117106400082889e+01
3.541908106091847941e+01
-1.082192438728766071e+01
-4.164650456781626531e+01
-5.747645749305551277e+01
-6.139439056008477280e+01
-5.734816238566742896e+01
-4.899622741908726198e+01
-3.914887057122470537e+01
-2.963916291802917868e+01
-2.144579386763764006e+01
-1.492174509190896359e+01
-1.003046598163476943e+01
-6.326163062201906939e+00
1.671628132073495365e+00
2.675404859028702731e+01
7.324755750214437455e+01
1.321189926204764902e+02
1.898365882849699915e+02
2.363069969264176962e+02
2.672653283866455354e+02
2.831718189823204739e+02
2.871328030494087216e+02
2.831104087315326296e+02
2.747714759006235568e+02
2.649310653590438847e+02
2.554213577058483793e+02
2.472279886554568407e+02
2.407039398797281535e+02
2.358126607694539700e+02
2.323201047268366608e+02
2.299265213342185348e+02
2.283431204569808983e+02
2.273276901071982081e+02
2.266942258911610963e+02
2.263087202297499232e+02
2.260793170365083995e+02
2.259455657568091169e+02
2.258690280863733904e+02
2.258259770863144240e+02
2.258021432297732360e+02
2.257891410941021775e+02
2.257821947878192077e+02
2.257821947878192077e+02
2.257821947878192077e+02
2.257821947878192077e+02
2.257821947878192077e+02
2.257821947878192077e+02
2.257821947878192077e+02
2.257821947878192077e+02
2.257821947878192077e+02
2.257821947878192077e+02
2.257821947878192077e+02
2.257821947878192077e+02
2.257821947878192077e+02
2.257821947878192077e+02
2.257821947878192077e+02
2.255704479110036687e+02
2.199662401093464155e+02
1.964672205283704898e+02
1.509891419662958469e+02
9.275117106400082889e+01
3.541908106091847941e+01
-1.082192438728766071e+01
-4.164650456781626531e+01
-5.747645749305551277e+01
-6.139439056008477280e+01
-5.734816238566742896e+01
-4.899622741908726198e+01
-3.914887057122470537e+01
-2.963916291802917868e+01
-2.144579386763764006e+01
-1.492174509190896359e+01
-1.003046598163476943e+01
-6.537909939017453098e+00
-4.144326546399316413e+00
-2.560925669161711493e+00
-1.545495319379014632e+00
