0.000000000000000000e+00
0.000000000000000000e+00
0.000000000000000000e+00
0.000000000000000000e+00
0.000000000000000000e+00
0.000000000000000000e+00
0.000000000000000000e+00
0.000000000000000000e+00
0.000000000000000000e+00
0.000000000000000000e+00
0.000000000000000000e+00
0.000000000000000000e+00
-5.228235555024633718e-02
-9.552993062115567868e-01
-3.122593043975943061e+00
-5.282634530250266636e+00
-7.057506862201179842e+00
-8.588690416542881678e+00
-6.933830204952733389e+00
-1.182351032044961947e+00
4.350095638136260767e+00
7.013554818721589257e+00
6.195613733089338382e+00
2.628094360032422028e+00
-1.359472211060567481e+00
-3.980799596169102728e+00
-4.881176747678247274e+00
-5.358181108788461877e+00
-7.279756078251546469e+00
-1.026707518347997805e+01
-1.219185734766076656e+01
-1.268032631765410834e+01
-1.238806377377902379e+01
-8.907896327957788074e+00
-1.668104368389344838e+00
4.886030073493044412e+00
8.315815191317843968e+00
1.107752569128759212e+01
1.556020186549731754e+01
1.921315066864577403e+01
1.872076296020860653e+01
1.378942795790507603e+01
9.338622862088751475e+00
8.448290365493789977e+00
8.262097740058688800e+00
6.780874203377527998e+00
3.450962057793686366e+00
-1.127247963375509920e+00
-2.847055705593032560e+00
8.204064614095951669e-01
6.311032404104565785e+00
8.910194358389162517e+00
6.278623061251112247e+00
1.246736385260160951e-01
-5.757304117888410566e+00
-9.033202865092524902e+00
-9.502865036327607484e+00
-8.070331892942441243e+00
-5.799736449758449375e+00
-3.488123359956408098e+00
-1.583135602629696992e+00
-2.458883523461991016e-01
5.468851216535717263e-01
9.085950840795211647e-01
9.817991580241711702e-01
8.910873399539488426e-01
7.299601210672577167e-01
5.552658945314898897e-01
3.995103952607788056e-01
2.744646922932270083e-01
1.818060463237843316e-01
1.173176567366096823e-01
7.267653034206968121e-02
-8.178602252524057314e-03
-9.291529761931991427e-01
-3.159982782646434174e+00
-6.034520922559109657e+00
-6.613834028521035968e+00
-2.319815385668295260e+00
3.855177507429316197e+00
7.437945015108945235e+00
6.734043990791910517e+00
3.595520138010224631e+00
-4.402854546770825217e-01
-4.712462646671566446e+00
-8.638008838700562464e+00
-1.263194494263880685e+01
-1.684775146063404350e+01
-2.001858192041021312e+01
-2.030691770167991095e+01
-1.742887394707107163e+01
-1.263633100617844285e+01
-8.271684047701628018e+00
-5.878539316147839422e+00
-4.721475733894533455e+00
-4.487702043695690257e+00
-5.109360216974215163e+00
-3.327671660776293727e+00
2.080648728634068245e+00
7.051412877485064179e+00
9.301912196623156603e+00
1.129550386700391940e+01
1.529767308358914235e+01
1.786158446655156595e+01
1.516700693704592240e+01
7.977105878388136340e+00
-4.397877942575068033e-01
-5.470788499291996843e+00
-4.015024943576319671e+00
8.312957623933288076e-01
4.990007446352282550e+00
6.704002648807772857e+00
5.413439351628049678e+00
1.634187199901003806e+00
-2.495065263361242902e+00
-6.031767426886007755e+00
-8.996317223719689338e+00
-1.052527249013900601e+01
-1.011714882206394250e+01
-8.192758828893511591e+00
-5.593899396540737534e+00
-3.060019918435394004e+00
-1.024441612722702288e+00
3.642748673795912495e-01
1.147298059834058748e+00
1.459856033580378298e+00
1.459575302331041158e+00
1.283604284209935997e+00
1.037766282619530189e+00
7.876882606510546836e-01
5.691886538393209349e-01
3.935904345996056319e-01
2.622083246369431020e-01
1.691817450996985495e-01
1.063333409119046336e-01
6.490738752116798072e-02
3.971589884464776787e-02
