0.000000000000000000e+00
0.000000000000000000e+00
0.000000000000000000e+00
0.000000000000000000e+00
0.000000000000000000e+00
0.000000000000000000e+00
0.000000000000000000e+00
0.000000000000000000e+00
0.000000000000000000e+00
0.000000000000000000e+00
0.000000000000000000e+00
0.000000000000000000e+00
1.680064029604724507e-01
2.852652541998558000e+00
1.101784414163099868e+01
2.192117363174607192e+01
2.934375723516636114e+01
3.242133588915485376e+01
3.326538079384674518e+01
3.337928833890875069e+01
3.339841032009367439e+01
3.333087232925071675e+01
3.302584154827594887e+01
3.038303753592020229e+01
2.687684865392036926e+01
2.679169920378778613e+01
2.940495743697917419e+01
3.000665869419737319e+01
2.839369469623592579e+01
2.665693465037742982e+01
2.606158230735875492e+01
2.888449255238802849e+01
3.540872577073091065e+01
4.156144732205834913e+01
4.211796682589240248e+01
3.805601418387703916e+01
3.293399471717322058e+01
2.909737856576990112e+01
2.922548580261125295e+01
3.175502178948289966e+01
3.392706724087365444e+01
3.445935965717639249e+01
3.143388458689020837e+01
2.694132309317462060e+01
2.580720767994009179e+01
2.779426758939608533e+01
3.031707366846679719e+01
3.174960110368980892e+01
2.978479886289755285e+01
2.607602097591231427e+01
2.313897408348309881e+01
1.992232611490374694e+01
1.757013871473548150e+01
1.956333723823754411e+01
2.445656301525013276e+01
2.690856814701085042e+01
2.432317895258287521e+01
1.780666160181253588e+01
9.870257949999292180e+00
2.635541883033388988e+00
-2.755267178330261579e+00
-6.021192749514749920e+00
-7.423480624857903720e+00
-7.463340187672674375e+00
-6.673615585685321427e+00
-5.502033080300982704e+00
-4.260636601830647407e+00
-3.135634589430756236e+00
-2.211098638326236099e+00
-1.501444797833529687e+00
-9.872216903648767250e-01
-6.303414355759446863e-01
-3.912807570008801084e-01
-6.896666492307412799e-02
2.711795312355677723e+00
1.093646886355550762e+01
2.187457195553189848e+01
2.931757193954551965e+01
3.240754801687260311e+01
3.325783366896726534e+01
3.337526463068799387e+01
3.339704044931197302e+01
3.349887873221118895e+01
3.571048768731402845e+01
3.854822913555263852e+01
3.778017814403545316e+01
3.421428280720807180e+01
3.265054249392812835e+01
3.319933693200639624e+01
3.180752077173562498e+01
2.863091572768491133e+01
2.587097839133232924e+01
2.457902090156995456e+01
2.456349911386988438e+01
2.317655606559335268e+01
2.131998260041856241e+01
2.286782411807265802e+01
2.703635420472471651e+01
3.120916892416448718e+01
3.597200333854603116e+01
3.977672733383167980e+01
3.891807657449007252e+01
3.460562028510075550e+01
3.003401805907827082e+01
2.693048427425951630e+01
2.562707824552834524e+01
2.577189853966609689e+01
2.884773117878182092e+01
3.291644843802590970e+01
3.343378819211665132e+01
3.085514911791216974e+01
2.788912132921944576e+01
2.619691868049905992e+01
2.807005503210762498e+01
3.164230032660872638e+01
3.200132821651851600e+01
2.718861452438124360e+01
1.877315637072917553e+01
9.477554926276628322e+00
1.435812017415282416e+00
-4.305485051140916397e+00
-7.598734781941159255e+00
-8.837453436940361229e+00
-8.627276053003871681e+00
-7.572183680008404139e+00
-6.160217368905616553e+00
-4.723634734481581887e+00
-3.448724601348480245e+00
-2.415373419529608157e+00
-1.632129723120210985e+00
-1.068087548608309234e+00
-6.785751950964080681e-01
-4.206033349221528495e-01
-2.539725141044568146e-01
-1.505373222374285225e-01
-8.674644625858635161e-02
-4.884112621555195682e-02
