0.000000000000000000e+00
0.000000000000000000e+00
0.000000000000000000e+00
0.000000000000000000e+00
0.000000000000000000e+00
0.000000000000000000e+00
0.000000000000000000e+00
0.000000000000000000e+00
0.000000000000000000e+00
0.000000000000000000e+00
0.000000000000000000e+00
0.000000000000000000e+00
-8.626579896624102239e-02
-1.576242252953489631e+00
-5.152273285126343971e+00
-8.685158855679198098e+00
-1.107516939050200833e+01
-1.258993391287339314e+01
-1.333248044340855110e+01
-1.288979011479790238e+01
-1.040022791131982061e+01
-6.602196521143429919e+00
-3.347285132676313779e+00
-1.776661633169391408e+00
-1.298770970229079058e+00
-1.029488862195888643e+00
-6.729699834793592128e-01
-1.373235132888993348e+00
-4.503490838700591858e+00
-8.753538698094029513e+00
-1.151190864412246562e+01
-1.216905050803189070e+01
-1.140479476057192620e+01
-7.240414443100379849e+00
1.621628232161296479e+00
1.122171019084587407e+01
1.719242026958267644e+01
1.845009531311310624e+01
1.628943777401221737e+01
1.231738069933531321e+01
7.211505920559528882e+00
1.583613276484711285e+00
-2.205064318717329108e+00
-2.099733998884170560e+00
8.989115664188311872e-01
3.984486195562514599e+00
4.665974608171099547e+00
2.294252458317227017e+00
-2.655260023703978067e+00
-9.069827890609799326e+00
-1.370253346829239049e+01
-1.119045464117439082e+01
4.697266925416125893e-01
1.444901832912356099e+01
2.346275457269361198e+01
2.530271630467535360e+01
2.166287173987835857e+01
1.538331486118566538e+01
8.812743641945511186e+00
3.340647074582978160e+00
-4.930939310267770104e-01
-2.717096795685064237e+00
-3.655701248396593606e+00
-3.725549642254957217e+00
-3.304697960710830884e+00
-2.679259702682102340e+00
-2.033048892609611080e+00
-1.464064787231454945e+00
-1.009621718898626064e+00
-6.712225120508109599e-01
-4.319255580496091929e-01
-2.698715416838752823e-01
-1.643839998383336831e-01
-1.158750570255052820e-01
-3.836954405116687061e-01
-1.154468135679994401e+00
-2.848698706081268295e+00
-6.260752331602817300e+00
-1.036620283304962875e+01
-1.282922724979532703e+01
-1.242965309521878225e+01
-9.636247586736917725e+00
-5.888020651796462168e+00
-2.595121530064385951e+00
-4.431715038198489887e-01
1.041962890569827049e+00
1.804832636811758206e+00
4.542438734074888407e-01
-2.809917882354459273e+00
-5.814824651537710665e+00
-7.050482434045388658e+00
-6.498365271680699884e+00
-5.343461694232635395e+00
-4.608420517584534082e+00
-4.116419684651643429e+00
-4.305230786320827896e+00
-5.678616952894398828e+00
-8.395668379422033922e+00
-1.294243587992196076e+01
-1.754195070980862070e+01
-1.945990256844060085e+01
-1.896306381742327929e+01
-1.760601427170151112e+01
-1.326161683210874997e+01
-5.177157124312205205e+00
2.587047547657527424e+00
7.627055039102911493e+00
1.183600554616012523e+01
1.687286149368036803e+01
2.040768153200430035e+01
2.042511387852380977e+01
1.730230228190327324e+01
1.405568091724162549e+01
1.298558020034774785e+01
1.259045752581389088e+01
1.050980901128452594e+01
6.191411588983214642e+00
1.318463241972547717e+00
-2.444950363821640771e+00
-4.508247630898762459e+00
-5.083337639932394403e+00
-4.677671959335855334e+00
-3.784934997384318933e+00
-2.769486262971580182e+00
-1.850066377023085407e+00
-1.124738571879110083e+00
-6.118910354041524613e-01
-2.828111210047349333e-01
-9.235886761980693915e-02
4.186996968203833200e-03
4.333672587558413947e-02
5.234641659386579660e-02
4.774018207985343543e-02
3.701902940702132827e-02
2.668668830410527576e-02
1.825711137203548523e-02
1.255674756587990201e-02
