0.000000000000000000e+00
0.000000000000000000e+00
0.000000000000000000e+00
0.000000000000000000e+00
0.000000000000000000e+00
0.000000000000000000e+00
0.000000000000000000e+00
0.000000000000000000e+00
0.000000000000000000e+00
0.000000000000000000e+00
0.000000000000000000e+00
0.000000000000000000e+00
1.200046215450240317e-01
1.869603370653509344e+00
5.185245681510952664e+00
7.324789426132463532e+00
7.203852948364405151e+00
4.885684984830049871e+00
1.110876833096185567e+00
-3.045525258974783434e+00
-6.724367424195874854e+00
-9.431786824683477732e+00
-1.103764882271918424e+01
-1.092441302572803608e+01
-7.579752469477116783e+00
-1.694033117900624053e+00
3.211234706786085358e+00
5.649538976774655552e+00
7.595347774632174698e+00
1.071021528598210004e+01
1.478448978592900076e+01
1.813805712359177846e+01
1.749070154163877788e+01
1.259038554522732056e+01
6.112928478546509226e+00
-7.360987736981555729e-02
-5.227483178098490058e+00
-9.088459721351409115e+00
-1.221219539268826892e+01
-1.422248820787393520e+01
-1.258546513849571546e+01
-6.607710723092028005e+00
3.532488480870218384e-01
4.736468689806423882e+00
7.000907861563351098e+00
9.265996082208072693e+00
1.023068328762886736e+01
8.552360880433047541e+00
5.229870949523554913e+00
1.251511694802641461e+00
-2.720893241533458351e+00
-5.572186792182193926e+00
-7.366937857564661130e+00
-9.203477363118505394e+00
-1.095287696201216043e+01
-1.141074655907452851e+01
-1.011819501776556152e+01
-7.598977047943064278e+00
-4.702599056732676530e+00
-2.099478030314475774e+00
-1.390337357982852073e-01
1.104823498687017347e+00
1.724299192453150997e+00
1.883623787887030332e+00
1.754563955166099198e+00
1.480975512501193414e+00
1.163975246757759541e+00
8.652138648677626387e-01
6.144511255717217679e-01
4.200892141263875557e-01
2.771697706004863093e-01
1.774435354850958935e-01
1.104245194240498079e-01
1.970474170183120211e-02
-6.067914829139178234e-01
-4.400561258438132617e-01
2.083326550890071793e+00
5.211534880017850924e+00
6.328485028959986991e+00
4.814692261129199125e+00
3.764127621575006799e+00
5.282600717146381797e+00
7.002909376018012111e+00
8.160745094993632875e+00
9.866640279826597748e+00
1.099735140998692984e+01
9.718373662353275932e+00
5.265755856770715226e+00
-7.542763921839064079e-01
-5.563066535006711000e+00
-6.214878402362515430e+00
-2.342490891823809207e+00
2.057856362118683169e+00
3.834508302923656409e+00
3.188091196329595700e+00
8.893793250361365921e-01
-2.889715000065588235e+00
-6.853385443616510031e+00
-7.642942301712235320e+00
-4.572852855687353113e+00
-8.668854639684662189e-01
1.447759971897107478e+00
1.617297957732068081e+00
-1.068679855647642896e-01
-2.833990423691648441e+00
-5.687075453572196793e+00
-8.094994007686990400e+00
-1.039585665843164719e+01
-1.217475300573650188e+01
-1.219542490792724010e+01
-8.642483955943710328e+00
-1.693954975025501186e+00
4.521774066331156305e+00
6.414003675801721371e+00
4.302353977447372024e+00
9.297619819473814662e-01
-1.629894527111537927e+00
-2.769111446462069637e+00
-2.754190575276912689e+00
-2.094072907500957648e+00
-1.229877878106184319e+00
-4.422687614992660832e-01
1.365957571021466088e-01
4.807060521481194559e-01
6.256654534248615729e-01
6.316696828708492362e-01
5.582471696433095598e-01
4.519711163639401619e-01
3.418678422472402612e-01
2.455923199956945580e-01
1.689069575779986732e-01
1.117406511296748228e-01
7.171726937668987389e-02
4.453650411703380385e-02
2.708978048842378833e-02
1.589008930450414026e-02
9.061306095126087437e-03
