0.000000000000000000e+00
0.000000000000000000e+00
0.000000000000000000e+00
0.000000000000000000e+00
0.000000000000000000e+00
0.000000000000000000e+00
0.000000000000000000e+00
0.000000000000000000e+00
0.000000000000000000e+00
0.000000000000000000e+00
0.000000000000000000e+00
0.000000000000000000e+00
0.000000000000000000e+00
0.000000000000000000e+00
0.000000000000000000e+00
0.000000000000000000e+00
0.000000000000000000e+00
0.000000000000000000e+00
0.000000000000000000e+00
0.000000000000000000e+00
0.000000000000000000e+00
0.000000000000000000e+00
0.000000000000000000e+00
0.000000000000000000e+00
0.000000000000000000e+00
0.000000000000000000e+00
0.000000000000000000e+00
0.000000000000000000e+00
0.000000000000000000e+00
0.000000000000000000e+00
0.000000000000000000e+00
0.000000000000000000e+00
0.000000000000000000e+00
0.000000000000000000e+00
0.000000000000000000e+00
0.000000000000000000e+00
0.000000000000000000e+00
0.000000000000000000e+00
0.000000000000000000e+00
0.000000000000000000e+00
0.000000000000000000e+00
0.000000000000000000e+00
0.000000000000000000e+00
0.000000000000000000e+00
0.000000000000000000e+00
0.000000000000000000e+00
0.000000000000000000e+00
0.000000000000000000e+00
0.000000000000000000e+00
0.000000000000000000e+00
0.000000000000000000e+00
0.000000000000000000e+00
0.000000000000000000e+00
0.000000000000000000e+00
2.117468768155459091e-01
5.604207801657265620e+00
2.349901958097592924e+01
4.547807856207463573e+01
5.823797090229498963e+01
5.733209000308235659e+01
4.624100544820613834e+01
3.082458018052860638e+01
1.582995292523924746e+01
3.917933067029256922e+00
-4.046228174417338508e+00
-8.351934966580170538e+00
-9.847356847862561935e+00
-9.509707653195523136e+00
-8.193369050391538622e+00
-6.524048775728675587e+00
-4.891279110274192377e+00
-3.492556042617317669e+00
-2.393583392618136685e+00
-1.583400877237604920e+00
-1.015430349782697084e+00
-6.334642160371108943e-01
-3.855056614111704860e-01
-2.294031932415433461e-01
-1.337512796992686437e-01
-7.653767043573003748e-02
-4.305100005897258275e-02
-2.383385654119712926e-02
-1.300213567105418418e-02
-6.946306282967240966e-03
0.000000000000000000e+00
0.000000000000000000e+00
0.000000000000000000e+00
0.000000000000000000e+00
0.000000000000000000e+00
0.000000000000000000e+00
0.000000000000000000e+00
0.000000000000000000e+00
0.000000000000000000e+00
0.000000000000000000e+00
0.000000000000000000e+00
0.000000000000000000e+00
0.000000000000000000e+00
0.000000000000000000e+00
0.000000000000000000e+00
0.000000000000000000e+00
0.000000000000000000e+00
0.000000000000000000e+00
0.000000000000000000e+00
0.000000000000000000e+00
0.000000000000000000e+00
0.000000000000000000e+00
0.000000000000000000e+00
0.000000000000000000e+00
0.000000000000000000e+00
0.000000000000000000e+00
0.000000000000000000e+00
0.000000000000000000e+00
0.000000000000000000e+00
0.000000000000000000e+00
0.000000000000000000e+00
2.117468768155459091e-01
5.604207801657265620e+00
2.349901958097592924e+01
4.547807856207463573e+01
5.823797090229498963e+01
5.733209000308235659e+01
4.624100544820613834e+01
3.082458018052860638e+01
1.582995292523924746e+01
3.917933067029256922e+00
-4.046228174417338508e+00
-8.351934966580170538e+00
-9.847356847862561935e+00
-9.509707653195523136e+00
-8.193369050391538622e+00
-6.524048775728675587e+00
-4.891279110274192377e+00
-3.492556042617317669e+00
-2.393583392618136685e+00
-1.583400877237604920e+00
-1.015430349782697084e+00
-6.334642160371108943e-01
