0.000000000000000000e+00
0.000000000000000000e+00
0.000000000000000000e+00
0.000000000000000000e+00
0.000000000000000000e+00
0.000000000000000000e+00
0.000000000000000000e+00
0.000000000000000000e+00
0.000000000000000000e+00
0.000000000000000000e+00
0.000000000000000000e+00
2.117468768155459369e-01
5.815954678472811779e+00
2.931497425944874280e+01
7.479305282152338918e+01
1.330310237238184072e+02
1.903631137269007638e+02
2.366041191751069164e+02
2.674286993556354446e+02
2.832586522808746849e+02
2.871765853479039379e+02
2.831303571734865727e+02
2.747784222069064413e+02
2.649310653590438278e+02
2.554213577058483793e+02
2.472279886554568407e+02
2.407039398797281819e+02
2.358126607694539985e+02
2.323201047268366892e+02
2.299265213342185632e+02
2.283431204569809552e+02
2.273276901071982650e+02
2.266942258911611532e+02
2.263087202297500085e+02
2.260793170365084279e+02
2.259455657568091738e+02
2.258690280863734188e+02
2.258259770863144809e+02
2.258021432297732929e+02
2.257891410941022059e+02
2.257821947878192361e+02
2.257821947878192361e+02
2.257821947878192361e+02
2.257821947878192361e+02
2.257821947878192361e+02
2.257821947878192361e+02
2.257821947878192361e+02
2.257821947878192361e+02
2.257821947878192361e+02
2.257821947878192361e+02
2.257821947878192361e+02
2.257821947878192361e+02
2.257821947878192361e+02
2.257821947878192361e+02
2.257821947878192361e+02
2.255704479110036971e+02
2.199662401093464155e+02
1.964672205283704898e+02
1.509891419662958469e+02
9.275117106400085731e+01
3.541908106091850073e+01
-1.082192438728764472e+01
-4.164650456781625110e+01
-5.747645749305549145e+01
-6.139439056008475148e+01
-5.734816238566740765e+01
-4.899622741908724066e+01
-3.914887057122469116e+01
-2.963916291802917158e+01
-2.144579386763764006e+01
-1.492174509190896359e+01
-1.003046598163477121e+01
-6.326163062201906939e+00
1.671628132073495143e+00
2.675404859028702731e+01
7.324755750214436034e+01
1.321189926204764902e+02
1.898365882849700199e+02
2.363069969264177246e+02
2.672653283866454785e+02
2.831718189823205307e+02
2.871328030494087216e+02
2.831104087315325728e+02
2.747714759006234999e+02
2.649310653590438278e+02
2.554213577058484077e+02
2.472279886554568407e+02
2.407039398797282104e+02
2.358126607694539985e+02
2.323201047268366892e+02
2.299265213342185632e+02
2.283431204569809552e+02
2.273276901071982650e+02
2.266942258911611532e+02
2.263087202297500085e+02
2.260793170365084279e+02
2.259455657568091738e+02
2.258690280863734188e+02
2.258259770863144809e+02
2.258021432297732929e+02
2.257891410941022059e+02
2.257821947878192361e+02
2.257821947878192361e+02
2.257821947878192361e+02
2.257821947878192361e+02
2.257821947878192361e+02
2.257821947878192361e+02
2.257821947878192361e+02
2.257821947878192361e+02
2.257821947878192361e+02
2.257821947878192361e+02
2.257821947878192361e+02
2.257821947878192361e+02
2.257821947878192361e+02
2.257821947878192361e+02
2.257821947878192361e+02
2.255704479110036971e+02
2.199662401093464155e+02
1.964672205283704898e+02
1.509891419662958469e+02
9.275117106400085731e+01
3.541908106091850073e+01
-1.082192438728764472e+01
-4.164650456781625110e+01
-5.747645749305549145e+01
-6.139439056008475148e+01
-5.734816238566740765e+01
-4.899622741908724066e+01
-3.914887057122469116e+01
-2.963916291802917158e+01
-2.144579386763764006e+01
-1.492174509190896359e+01
-1.003046598163477121e+01
-6.537909939017453986e+00
-4.144326546399316413e+00
-2.560925669161711937e+00
-1.545495319379014632e+00
