0.000000000000000000e+00 0.000000000000000000e+00 0.000000000000000000e+00 0.000000000000000000e+00 0.000000000000000000e+00 0.000000000000000000e+00 -1.000000000000000000e+00 6.617647058823530326e-01 1.000000000000000000e+00
0.000000000000000000e+00 0.000000000000000000e+00 0.000000000000000000e+00 0.000000000000000000e+00 0.000000000000000000e+00 0.000000000000000000e+00 -9.852941176470588758e-01 6.325692041522492648e-01 1.000000000000000000e+00
0.000000000000000000e+00 0.000000000000000000e+00 0.000000000000000000e+00 0.000000000000000000e+00 0.000000000000000000e+00 0.000000000000000000e+00 -9.705882352941176405e-01 6.038062283737024583e-01 1.000000000000000000e+00
0.000000000000000000e+00 0.000000000000000000e+00 0.000000000000000000e+00 0.000000000000000000e+00 0.000000000000000000e+00 0.000000000000000000e+00 -9.558823529411765163e-01 5.754757785467128350e-01 1.000000000000000000e+00
0.000000000000000000e+00 0.000000000000000000e+00 0.000000000000000000e+00 0.000000000000000000e+00 0.000000000000000000e+00 0.000000000000000000e+00 -9.411764705882352811e-01 5.475778546712803951e-01 1.000000000000000000e+00
0.000000000000000000e+00 0.000000000000000000e+00 0.000000000000000000e+00 0.000000000000000000e+00 0.000000000000000000e+00 0.000000000000000000e+00 -9.264705882352941568e-01 5.201124567474049165e-01 1.000000000000000000e+00
0.000000000000000000e+00 0.000000000000000000e+00 0.000000000000000000e+00 0.000000000000000000e+00 0.000000000000000000e+00 0.000000000000000000e+00 -9.117647058823529216e-01 4.930795847750864547e-01 1.000000000000000000e+00
0.000000000000000000e+00 0.000000000000000000e+00 0.000000000000000000e+00 0.000000000000000000e+00 0.000000000000000000e+00 0.000000000000000000e+00 -8.970588235294117974e-01 4.664792387543253427e-01 1.000000000000000000e+00
0.000000000000000000e+00 0.000000000000000000e+00 0.000000000000000000e+00 0.000000000000000000e+00 0.000000000000000000e+00 0.000000000000000000e+00 -8.823529411764705621e-01 4.403114186851210810e-01 1.000000000000000000e+00
0.000000000000000000e+00 0.000000000000000000e+00 0.000000000000000000e+00 0.000000000000000000e+00 0.000000000000000000e+00 0.000000000000000000e+00 -8.676470588235294379e-01 4.145761245674741136e-01 1.000000000000000000e+00
0.000000000000000000e+00 0.000000000000000000e+00 0.000000000000000000e+00 0.000000000000000000e+00 0.000000000000000000e+00 0.000000000000000000e+00 -8.529411764705882026e-01 3.892733564013841074e-01 1.000000000000000000e+00
2.117468768155459091e-01 0.000000000000000000e+00 0.000000000000000000e+00 0.000000000000000000e+00 2.117468768155459091e-01 0.000000000000000000e+00 -8.382352941176470784e-01 3.644031141868512846e-01 1.000000000000000000e+00
5.604207801657265620e+00 1.680064029604724507e-01 1.200046215450240317e-01 0.000000000000000000e+00 5.815954678472811779e+00 -3.618135492235846629e-02 -8.235294117647058432e-01 3.399653979238754231e-01 1.000000000000000000e+00
2.349901958097592924e+01 2.852652541998558000e+00 1.869603370653509344e+00 0.000000000000000000e+00 2.931497425944874280e+01 -6.040903029065946006e-01 -8.088235294117647189e-01 3.159602076124568559e-01 1.000000000000000000e+00
4.547807856207463573e+01 1.101784414163099868e+01 5.185245681510952664e+00 0.000000000000000000e+00 7.479305282152338918e+01 -2.209006446327903550e+00 -7.941176470588235947e-01 2.923875432525952500e-01 1.000000000000000000e+00
5.823797090229498963e+01 2.192117363174607192e+01 7.324789426132462644e+00 0.000000000000000000e+00 1.330310237238183504e+02 -4.212553111653770443e+00 -7.794117647058823595e-01 2.692474048442907164e-01 1.000000000000000000e+00
5.733209000308234948e+01 2.934375723516636114e+01 7.203852948364406039e+00 0.000000000000000000e+00 1.903631137269007070e+02 -5.454731649684798178e+00 -7.647058823529411242e-01 2.465397923875432551e-01 1.000000000000000000e+00
4.624100544820614545e+01 3.242133588915486087e+01 4.885684984830050759e+00 0.000000000000000000e+00 2.366041191751068595e+02 -5.459477718079392972e+00 -7.500000000000000000e-01 2.242647058823529771e-01 1.000000000000000000e+00
3.082458018052860638e+01 3.326538079384673807e+01 1.110876833096186012e+00 0.000000000000000000e+00 2.674286993556354446e+02 -4.466739395855169548e+00 -7.352941176470588758e-01 2.024221453287198824e-01 1.000000000000000000e+00
1.582995292523924746e+01 3.337928833890875069e+01 -3.045525258974783434e+00 0.000000000000000000e+00 2.832586522808746849e+02 -2.701698176536354801e+00 -7.205882352941176405e-01 1.810121107266436380e-01 1.000000000000000000e+00
3.917933067029256478e+00 3.339841032009367439e+01 -6.724367424195875742e+00 0.000000000000000000e+00 2.871765853479039379e+02 -5.033064301410657970e-01 -7.058823529411764053e-01 1.600346020761245214e-01 1.000000000000000000e+00
-4.046228174417338508e+00 3.333087232925072385e+01 -9.431786824683477732e+00 0.000000000000000000e+00 2.831303571734865727e+02 1.426810267630093776e+00 -6.911764705882352811e-01 1.394896193771626436e-01 1.000000000000000000e+00
-8.351934966580170538e+00 3.302584154827594887e+01 -1.103764882271918246e+01 0.000000000000000000e+00 2.747784222069063844e+02 2.616139323910620096e+00 -6.764705882352941568e-01 1.193771626297578936e-01 1.000000000000000000e+00
-9.847356847862563711e+00 3.038303753592019874e+01 -1.092441302572803252e+01 0.000000000000000000e+00 2.649310653590438278e+02 2.982519145971953556e+00 -6.617647058823529216e-01 9.969723183391004939e-02 1.000000000000000000e+00
-9.509707653195523136e+00 2.687684865392037636e+01 -7.579752469477115895e+00 0.000000000000000000e+00 2.554213577058483224e+02 2.760878528618501804e+00 -6.470588235294117974e-01 8.044982698961944401e-02 1.000000000000000000e+00
-8.193369050391538622e+00 2.679169920378778613e+01 -1.694033117900624275e+00 0.000000000000000000e+00 2.472279886554567838e+02 2.129653852982323681e+00 -6.323529411764705621e-01 6.163494809688579990e-02 1.000000000000000000e+00
-6.524048775728675587e+00 2.940495743697916708e+01 3.211234706786085802e+00 0.000000000000000000e+00 2.407039398797280967e+02 1.214899299378073394e+00 -6.176470588235294379e-01 4.325259515570939461e-02 1.000000000000000000e+00
-4.891279110274192377e+00 3.000665869419738030e+01 5.649538976774655552e+00 0.000000000000000000e+00 2.358126607694538848e+02 3.291386163898342154e-01 -6.029411764705883137e-01 2.530276816609011714e-02 1.000000000000000000e+00
-3.492556042617317669e+00 2.839369469623592579e+01 7.595347774632174698e+00 0.000000000000000000e+00 2.323201047268365755e+02 -2.511867670933596308e-01 -5.882352941176470784e-01 7.785467128027745431e-03 1.000000000000000000e+00
-2.393583392618136685e+00 2.665693465037742627e+01 1.071021528598210182e+01 0.000000000000000000e+00 2.299265213342184495e+02 -4.321544404248675031e-01 -5.735294117647058432e-01 -9.299307958477498470e-03 1.000000000000000000e+00
-1.583400877237604920e+00 2.606158230735875136e+01 1.478448978592900076e+01 0.000000000000000000e+00 2.283431204569808415e+02 5.886503460944351659e-03 -5.588235294117647189e-01 -2.595155709342555905e-02 1.000000000000000000e+00
-1.015430349782697306e+00 2.888449255238803204e+01 1.813805712359177491e+01 0.000000000000000000e+00 2.273276901071981513e+02 6.210367220935884003e-01 -5.441176470588235947e-01 -4.217128027681649183e-02 1.000000000000000000e+00
-6.334642160371108943e-01 3.540872577073091776e+01 1.749070154163877788e+01 0.000000000000000000e+00 2.266942258911610111e+02 4.977819331307219430e-01 -5.294117647058823595e-01 -5.795847750865046333e-02 1.000000000000000000e+00
-3.855056614111704860e-01 4.156144732205835624e+01 1.259038554522732056e+01 0.000000000000000000e+00 2.263087202297498095e+02 -2.334376773611725187e-01 -5.147058823529411242e-01 -7.331314878892736253e-02 1.000000000000000000e+00
-2.294031932415433461e-01 4.211796682589240959e+01 6.112928478546509226e+00 0.000000000000000000e+00 2.260793170365082858e+02 -9.667430212821667146e-01 -5.000000000000000000e-01 -8.823529411764702290e-02 1.000000000000000000e+00
-1.337512796992686714e-01 3.805601418387705337e+01 -7.360987736981605689e-02 0.000000000000000000e+00 2.259455657568090032e+02 -1.467814915557238642e+00 -4.852941176470588758e-01 -1.027249134948096110e-01 1.000000000000000000e+00
-7.653767043573003748e-02 3.293399471717321347e+01 -5.227483178098490058e+00 0.000000000000000000e+00 2.258690280863732482e+02 -1.777129925635329677e+00 -4.705882352941176405e-01 -1.167820069204151823e-01 1.000000000000000000e+00
-4.305100005897258275e-02 2.909737856576990112e+01 -9.088459721351409115e+00 0.000000000000000000e+00 2.258259770863142535e+02 -2.017090400144919471e+00 -4.558823529411765163e-01 -1.304065743944635980e-01 1.000000000000000000e+00
-2.383385654119712926e-02 2.922548580261125295e+01 -1.221219539268826892e+01 0.000000000000000000e+00 2.258021432297730939e+02 -2.318891466228282461e+00 -4.411764705882352811e-01 -1.435986159169549969e-01 1.000000000000000000e+00
-1.300213567105418418e-02 3.175502178948290322e+01 -1.422248820787393342e+01 0.000000000000000000e+00 2.257891410941020354e+02 -2.487586491913711839e+00 -4.264705882352941568e-01 -1.563581314878892126e-01 1.000000000000000000e+00
-6.946306282967240966e-03 3.392706724087366865e+01 -1.258546513849571369e+01 0.000000000000000000e+00 2.257821947878190940e+02 -1.800156326048711897e+00 -4.117647058823529216e-01 -1.686851211072664114e-01 1.000000000000000000e+00
0.000000000000000000e+00 3.445935965717639249e+01 -6.607710723092027116e+00 0.000000000000000000e+00 2.257821947878190940e+02 -6.015930691832169219e-02 -3.970588235294117974e-01 -1.805795847750864547e-01 1.000000000000000000e+00
0.000000000000000000e+00 3.143388458689020837e+01 3.532488480870226710e-01 0.000000000000000000e+00 2.257821947878190940e+02 1.784024539808773735e+00 -3.823529411764705621e-01 -1.920415224913494534e-01 1.000000000000000000e+00
0.000000000000000000e+00 2.694132309317463125e+01 4.736468689806423882e+00 0.000000000000000000e+00 2.257821947878190940e+02 3.059258120715794504e+00 -3.676470588235294379e-01 -2.030709342560552966e-01 1.000000000000000000e+00
0.000000000000000000e+00 2.580720767994009179e+01 7.000907861563351986e+00 0.000000000000000000e+00 2.257821947878190940e+02 3.883036564142906322e+00 -3.529411764705882026e-01 -2.136678200692041507e-01 1.000000000000000000e+00
0.000000000000000000e+00 2.779426758939609243e+01 9.265996082208070916e+00 0.000000000000000000e+00 2.257821947878190940e+02 4.388992894983897664e+00 -3.382352941176470784e-01 -2.238321799307957938e-01 1.000000000000000000e+00
0.000000000000000000e+00 3.031707366846680429e+01 1.023068328762886736e+01 0.000000000000000000e+00 2.257821947878190940e+02 4.640575433822976770e+00 -3.235294117647058432e-01 -2.335640138408304201e-01 1.000000000000000000e+00
0.000000000000000000e+00 3.174960110368981248e+01 8.552360880433049317e+00 0.000000000000000000e+00 2.257821947878190940e+02 4.692863553207727634e+00 -3.088235294117647189e-01 -2.428633217993079185e-01 1.000000000000000000e+00
0.000000000000000000e+00 2.978479886289755996e+01 5.229870949523554913e+00 0.000000000000000000e+00 2.257821947878190940e+02 4.332152839106788278e+00 -2.941176470588235947e-01 -2.517301038062282892e-01 1.000000000000000000e+00
0.000000000000000000e+00 2.607602097591231427e+01 1.251511694802640573e+00 0.000000000000000000e+00 2.257821947878190940e+02 3.507645556663569586e+00 -2.794117647058823595e-01 -2.601643598615916431e-01 1.000000000000000000e+00
0.000000000000000000e+00 2.313897408348310236e+01 -2.720893241533458795e+00 0.000000000000000000e+00 2.257821947878190940e+02 2.418811654899655217e+00 -2.647058823529412352e-01 -2.681660899653978691e-01 1.000000000000000000e+00
0.000000000000000000e+00 1.992232611490374694e+01 -5.572186792182193926e+00 0.000000000000000000e+00 2.257821947878190940e+02 1.333905186442181812e+00 -2.500000000000000000e-01 -2.757352941176470229e-01 1.000000000000000000e+00
0.000000000000000000e+00 1.757013871473548505e+01 -7.366937857564660241e+00 0.000000000000000000e+00 2.257821947878190940e+02 5.784549895885386928e-01 -2.352941176470588758e-01 -2.828719723183390489e-01 1.000000000000000000e+00
0.000000000000000000e+00 1.956333723823754056e+01 -9.203477363118501842e+00 0.000000000000000000e+00 2.257821947878190940e+02 1.532922559418646302e-01 -2.205882352941176405e-01 -2.895761245674740025e-01 1.000000000000000000e+00
0.000000000000000000e+00 2.445656301525013276e+01 -1.095287696201216043e+01 2.117468768155459091e-01 2.257821947878190940e+02 -2.303753483757652321e-01 -2.058823529411765163e-01 -2.958477508650518284e-01 1.000000000000000000e+00
0.000000000000000000e+00 2.690856814701084687e+01 -1.141074655907452495e+01 5.604207801657265620e+00 2.255704479110035550e+02 -5.913963927605068172e-01 -1.911764705882352811e-01 -3.016868512110726375e-01 1.000000000000000000e+00
0.000000000000000000e+00 2.432317895258287876e+01 -1.011819501776556152e+01 2.349901958097592924e+01 2.199662401093462449e+02 -8.259776174021208339e-01 -1.764705882352941568e-01 -3.070934256055362632e-01 1.000000000000000000e+00
0.000000000000000000e+00 1.780666160181253943e+01 -7.598977047943064278e+00 4.547807856207463573e+01 1.964672205283704329e+02 -8.933421245385999576e-01 -1.617647058823529216e-01 -3.120674740484428722e-01 1.000000000000000000e+00
0.000000000000000000e+00 9.870257949999293956e+00 -4.702599056732674754e+00 5.823797090229498963e+01 1.509891419662957901e+02 -8.259872339773752792e-01 -1.470588235294117974e-01 -3.166089965397923534e-01 1.000000000000000000e+00
0.000000000000000000e+00 2.635541883033388100e+00 -2.099478030314475774e+00 5.733209000308234948e+01 9.275117106400082889e+01 -6.824470088243561605e-01 -1.323529411764705621e-01 -3.207179930795847622e-01 1.000000000000000000e+00
0.000000000000000000e+00 -2.755267178330261579e+00 -1.390337357982852073e-01 4.624100544820614545e+01 3.541908106091851494e+01 -5.151972998784619673e-01 -1.176470588235294379e-01 -3.243944636678200433e-01 1.000000000000000000e+00
0.000000000000000000e+00 -6.021192749514750808e+00 1.104823498687017569e+00 3.082458018052860638e+01 -1.082192438728765360e+01 -3.582257618783020181e-01 -1.029411764705882026e-01 -3.276384083044982520e-01 1.000000000000000000e+00
0.000000000000000000e+00 -7.423480624857905497e+00 1.724299192453151219e+00 1.582995292523924746e+01 -4.164650456781625820e+01 -2.293516751952988375e-01 -8.823529411764707842e-02 -3.304498269896193330e-01 1.000000000000000000e+00
0.000000000000000000e+00 -7.463340187672674375e+00 1.883623787887030332e+00 3.917933067029256478e+00 -5.747645749305549856e+01 -1.337705538494453894e-01 -7.352941176470584317e-02 -3.328287197231833416e-01 1.000000000000000000e+00
0.000000000000000000e+00 -6.673615585685322316e+00 1.754563955166098976e+00 -4.046228174417338508e+00 -6.139439056008475148e+01 -6.905513520579890929e-02 -5.882352941176471894e-02 -3.347750865051902780e-01 1.000000000000000000e+00
0.000000000000000000e+00 -5.502033080300983592e+00 1.480975512501193414e+00 -8.351934966580170538e+00 -5.734816238566741475e+01 -2.901746514729607040e-02 -4.411764705882359472e-02 -3.362889273356400865e-01 1.000000000000000000e+00
0.000000000000000000e+00 -4.260636601830647407e+00 1.163975246757759541e+00 -9.847356847862563711e+00 -4.899622741908725487e+01 -6.821335613651839831e-03 -2.941176470588235947e-02 -3.373702422145328228e-01 1.000000000000000000e+00
0.000000000000000000e+00 -3.135634589430756236e+00 8.652138648677627497e-01 -9.509707653195523136e+00 -3.914887057122469116e+01 3.851440181377998370e-03 -1.470588235294123525e-02 -3.380190311418684868e-01 1.000000000000000000e+00
0.000000000000000000e+00 -2.211098638326236099e+00 6.144511255717217679e-01 -8.193369050391538622e+00 -2.963916291802917513e+01 7.745120886272126304e-03 0.000000000000000000e+00 -3.382352941176470229e-01 1.000000000000000000e+00
0.000000000000000000e+00 -1.501444797833529909e+00 4.200892141263876112e-01 -6.524048775728675587e+00 -2.144579386763763651e+01 8.230029945071028197e-03 1.470588235294112422e-02 -3.380190311418684868e-01 1.000000000000000000e+00
0.000000000000000000e+00 -9.872216903648766140e-01 2.771697706004863093e-01 -4.891279110274192377e+00 -1.492174509190896359e+01 6.937775689786200572e-03 2.941176470588224845e-02 -3.373702422145328228e-01 1.000000000000000000e+00
0.000000000000000000e+00 -6.303414355759446863e-01 1.774435354850959212e-01 -3.492556042617317669e+00 -1.003046598163477121e+01 5.269223457615011819e-03 4.411764705882359472e-02 -3.362889273356400865e-01 1.000000000000000000e+00
2.117468768155459091e-01 -3.912807570008800528e-01 1.104245194240497940e-01 -2.393583392618136685e+00 -6.326163062201906939e+00 3.780982666876825903e-03 5.882352941176471894e-02 -3.347750865051902780e-01 1.000000000000000000e+00
5.604207801657265620e+00 -6.896666492307412799e-02 1.970474170183120557e-02 -1.583400877237604920e+00 1.671628132073495143e+00 -1.693996949369383845e-02 7.352941176470584317e-02 -3.328287197231833416e-01 1.000000000000000000e+00
2.349901958097592924e+01 2.711795312355678611e+00 -6.067914829139178234e-01 -1.015430349782697306e+00 2.675404859028703441e+01 -3.104252067272444959e-01 8.823529411764696739e-02 -3.304498269896193330e-01 1.000000000000000000e+00
4.547807856207463573e+01 1.093646886355550762e+01 -4.400561258438133727e-01 -6.334642160371108943e-01 7.324755750214436034e+01 -9.640867669854140676e-01 1.029411764705883137e-01 -3.276384083044981965e-01 1.000000000000000000e+00
5.823797090229498963e+01 2.187457195553189493e+01 2.083326550890071793e+00 -3.855056614111704860e-01 1.321189926204764333e+02 -1.566691451551275316e+00 1.176470588235294379e-01 -3.243944636678200433e-01 1.000000000000000000e+00
5.733209000308234948e+01 2.931757193954552321e+01 5.211534880017851812e+00 -2.294031932415433461e-01 1.898365882849699346e+02 -1.808561204303498204e+00 1.323529411764705621e-01 -3.207179930795847622e-01 1.000000000000000000e+00
4.624100544820614545e+01 3.240754801687261022e+01 6.328485028959986991e+00 -1.337512796992686714e-01 2.363069969264176677e+02 -1.900648508143662152e+00 1.470588235294116863e-01 -3.166089965397923534e-01 1.000000000000000000e+00
3.082458018052860638e+01 3.325783366896726534e+01 4.814692261129200013e+00 -7.653767043573003748e-02 2.672653283866454785e+02 -2.062992316726852238e+00 1.617647058823530326e-01 -3.120674740484428167e-01 1.000000000000000000e+00
1.582995292523924746e+01 3.337526463068800808e+01 3.764127621575006799e+00 -4.305100005897258275e-02 2.831718189823204739e+02 -1.861453113874344201e+00 1.764705882352941568e-01 -3.070934256055362632e-01 1.000000000000000000e+00
3.917933067029256478e+00 3.339704044931197302e+01 5.282600717146383573e+00 -2.383385654119712926e-02 2.871328030494087216e+02 -1.029213448448608403e+00 1.911764705882352811e-01 -3.016868512110726375e-01 1.000000000000000000e+00
-4.046228174417338508e+00 3.349887873221119605e+01 7.002909376018012999e+00 -1.300213567105418418e-02 2.831104087315325728e+02 5.582431395424566900e-03 2.058823529411764053e-01 -2.958477508650518839e-01 1.000000000000000000e+00
-8.351934966580170538e+00 3.571048768731404266e+01 8.160745094993632875e+00 -6.946306282967240966e-03 2.747714759006234431e+02 5.654342004683492462e-01 2.205882352941175295e-01 -2.895761245674740580e-01 1.000000000000000000e+00
-9.847356847862563711e+00 3.854822913555263852e+01 9.866640279826601301e+00 0.000000000000000000e+00 2.649310653590438278e+02 3.922584250527877403e-01 2.352941176470588758e-01 -2.828719723183390489e-01 1.000000000000000000e+00
-9.509707653195523136e+00 3.778017814403545316e+01 1.099735140998692806e+01 0.000000000000000000e+00 2.554213577058483224e+02 -1.310907201830099345e-01 2.500000000000000000e-01 -2.757352941176470229e-01 1.000000000000000000e+00
-8.193369050391538622e+00 3.421428280720807891e+01 9.718373662353275932e+00 0.000000000000000000e+00 2.472279886554567838e+02 -8.169915132080571851e-01 2.647058823529411242e-01 -2.681660899653979246e-01 1.000000000000000000e+00
-6.524048775728675587e+00 3.265054249392814256e+01 5.265755856770715226e+00 0.000000000000000000e+00 2.407039398797280967e+02 -1.015273669446817184e+00 2.794117647058822484e-01 -2.601643598615916986e-01 1.000000000000000000e+00
-4.891279110274192377e+00 3.319933693200640334e+01 -7.542763921839058527e-01 0.000000000000000000e+00 2.358126607694538848e+02 -8.811083579813035194e-02 2.941176470588235947e-01 -2.517301038062282892e-01 1.000000000000000000e+00
-3.492556042617317669e+00 3.180752077173562498e+01 -5.563066535006711888e+00 0.000000000000000000e+00 2.323201047268365755e+02 1.262910961250397701e+00 3.088235294117647189e-01 -2.428633217993079185e-01 1.000000000000000000e+00
-2.393583392618136685e+00 2.863091572768491488e+01 -6.214878402362515430e+00 0.000000000000000000e+00 2.299265213342184495e+02 2.078274638683727638e+00 3.235294117647058432e-01 -2.335640138408304201e-01 1.000000000000000000e+00
-1.583400877237604920e+00 2.587097839133232924e+01 -2.342490891823808319e+00 0.000000000000000000e+00 2.283431204569808415e+02 2.058226671168287059e+00 3.382352941176469674e-01 -2.238321799307958770e-01 1.000000000000000000e+00
-1.015430349782697306e+00 2.457902090156995456e+01 2.057856362118683613e+00 0.000000000000000000e+00 2.273276901071981513e+02 1.802397032986014169e+00 3.529411764705883137e-01 -2.136678200692040674e-01 1.000000000000000000e+00
-6.334642160371108943e-01 2.456349911386988438e+01 3.834508302923657741e+00 0.000000000000000000e+00 2.266942258911610111e+02 1.828142312209819487e+00 3.676470588235294379e-01 -2.030709342560552966e-01 1.000000000000000000e+00
-3.855056614111704860e-01 2.317655606559335268e+01 3.188091196329596144e+00 0.000000000000000000e+00 2.263087202297498095e+02 1.912062456822652301e+00 3.823529411764705621e-01 -1.920415224913494534e-01 1.000000000000000000e+00
-2.294031932415433461e-01 2.131998260041855886e+01 8.893793250361368141e-01 0.000000000000000000e+00 2.260793170365082858e+02 1.490142050192264866e+00 3.970588235294116863e-01 -1.805795847750865379e-01 1.000000000000000000e+00
-1.337512796992686714e-01 2.286782411807266158e+01 -2.889715000065588235e+00 0.000000000000000000e+00 2.259455657568090032e+02 3.042793837990661610e-01 4.117647058823528106e-01 -1.686851211072664947e-01 1.000000000000000000e+00
-7.653767043573003748e-02 2.703635420472472006e+01 -6.853385443616510031e+00 0.000000000000000000e+00 2.258690280863732482e+02 -1.119288141740460762e+00 4.264705882352941568e-01 -1.563581314878892126e-01 1.000000000000000000e+00
-4.305100005897258275e-02 3.120916892416448718e+01 -7.642942301712233544e+00 0.000000000000000000e+00 2.258259770863142535e+02 -1.876825440970884440e+00 4.411764705882352811e-01 -1.435986159169549969e-01 1.000000000000000000e+00
-2.383385654119712926e-02 3.597200333854603116e+01 -4.572852855687353113e+00 0.000000000000000000e+00 2.258021432297730939e+02 -2.127093358903171083e+00 4.558823529411764053e-01 -1.304065743944636813e-01 1.000000000000000000e+00
-1.300213567105418418e-02 3.977672733383170112e+01 -8.668854639684656638e-01 0.000000000000000000e+00 2.257891410941020354e+02 -2.603413909696545847e+00 4.705882352941175295e-01 -1.167820069204152933e-01 1.000000000000000000e+00
-6.946306282967240966e-03 3.891807657449007962e+01 1.447759971897108588e+00 0.000000000000000000e+00 2.257821947878190940e+02 -3.034930250448837796e+00 4.852941176470588758e-01 -1.027249134948096110e-01 1.000000000000000000e+00
0.000000000000000000e+00 3.460562028510076971e+01 1.617297957732068525e+00 0.000000000000000000e+00 2.257821947878190940e+02 -2.539136403247891138e+00 5.000000000000000000e-01 -8.823529411764702290e-02 1.000000000000000000e+00
0.000000000000000000e+00 3.003401805907827082e+01 -1.068679855647636512e-01 0.000000000000000000e+00 2.257821947878190940e+02 -9.058239087650155064e-01 5.147058823529411242e-01 -7.331314878892736253e-02 1.000000000000000000e+00
0.000000000000000000e+00 2.693048427425951630e+01 -2.833990423691648886e+00 0.000000000000000000e+00 2.257821947878190940e+02 7.913281853333886673e-01 5.294117647058822484e-01 -5.795847750865057435e-02 1.000000000000000000e+00
0.000000000000000000e+00 2.562707824552834879e+01 -5.687075453572196793e+00 0.000000000000000000e+00 2.257821947878190940e+02 1.660863528820471391e+00 5.441176470588235947e-01 -4.217128027681649183e-02 1.000000000000000000e+00
0.000000000000000000e+00 2.577189853966610400e+01 -8.094994007686988624e+00 0.000000000000000000e+00 2.257821947878190940e+02 1.666500187719379023e+00 5.588235294117647189e-01 -2.595155709342555905e-02 1.000000000000000000e+00
0.000000000000000000e+00 2.884773117878182092e+01 -1.039585665843164719e+01 0.000000000000000000e+00 2.257821947878190940e+02 1.293084364458766844e+00 5.735294117647058432e-01 -9.299307958477498470e-03 1.000000000000000000e+00
0.000000000000000000e+00 3.291644843802590970e+01 -1.217475300573650188e+01 0.000000000000000000e+00 2.257821947878190940e+02 9.961372269327672946e-01 5.882352941176469674e-01 7.785467128027634409e-03 1.000000000000000000e+00
0.000000000000000000e+00 3.343378819211665842e+01 -1.219542490792724010e+01 0.000000000000000000e+00 2.257821947878190940e+02 8.124029221122044397e-01 6.029411764705883137e-01 2.530276816609011714e-02 1.000000000000000000e+00
0.000000000000000000e+00 3.085514911791217685e+01 -8.642483955943710328e+00 0.000000000000000000e+00 2.257821947878190940e+02 5.613886055046306556e-01 6.176470588235294379e-01 4.325259515570939461e-02 1.000000000000000000e+00
0.000000000000000000e+00 2.788912132921944931e+01 -1.693954975025500520e+00 0.000000000000000000e+00 2.257821947878190940e+02 1.442958769810959163e-01 6.323529411764705621e-01 6.163494809688579990e-02 1.000000000000000000e+00
0.000000000000000000e+00 2.619691868049905992e+01 4.521774066331156305e+00 0.000000000000000000e+00 2.257821947878190940e+02 -5.906235939549067115e-01 6.470588235294116863e-01 8.044982698961933298e-02 1.000000000000000000e+00
0.000000000000000000e+00 2.807005503210762498e+01 6.414003675801722260e+00 0.000000000000000000e+00 2.257821947878190940e+02 -1.153054983175169079e+00 6.617647058823528106e-01 9.969723183390988286e-02 1.000000000000000000e+00
0.000000000000000000e+00 3.164230032660873349e+01 4.302353977447372024e+00 0.000000000000000000e+00 2.257821947878190940e+02 -8.039888705411932790e-01 6.764705882352941568e-01 1.193771626297578936e-01 1.000000000000000000e+00
0.000000000000000000e+00 3.200132821651852311e+01 9.297619819473804670e-01 2.117468768155459091e-01 2.257821947878190940e+02 8.394778473002031949e-02 6.911764705882352811e-01 1.394896193771626436e-01 1.000000000000000000e+00
0.000000000000000000e+00 2.718861452438124715e+01 -1.629894527111536817e+00 5.604207801657265620e+00 2.255704479110035550e+02 8.548763420802218960e-01 7.058823529411764053e-01 1.600346020761245214e-01 1.000000000000000000e+00
0.000000000000000000e+00 1.877315637072917553e+01 -2.769111446462069637e+00 2.349901958097592924e+01 2.199662401093462449e+02 1.212302407131335746e+00 7.205882352941175295e-01 1.810121107266434159e-01 1.000000000000000000e+00
0.000000000000000000e+00 9.477554926276628322e+00 -2.754190575276912689e+00 4.547807856207463573e+01 1.964672205283704329e+02 1.188216864100782422e+00 7.352941176470588758e-01 2.024221453287198824e-01 1.000000000000000000e+00
0.000000000000000000e+00 1.435812017415281749e+00 -2.094072907500957648e+00 5.823797090229498963e+01 1.509891419662957901e+02 9.375003603737733782e-01 7.500000000000000000e-01 2.242647058823529771e-01 1.000000000000000000e+00
0.000000000000000000e+00 -4.305485051140916397e+00 -1.229877878106184097e+00 5.733209000308234948e+01 9.275117106400082889e+01 6.093470687188621282e-01 7.647058823529411242e-01 2.465397923875432551e-01 1.000000000000000000e+00
0.000000000000000000e+00 -7.598734781941159255e+00 -4.422687614992659166e-01 4.624100544820614545e+01 3.541908106091851494e+01 3.034350630201215759e-01 7.794117647058822484e-01 2.692474048442904944e-01 1.000000000000000000e+00
0.000000000000000000e+00 -8.837453436940363005e+00 1.365957571021466088e-01 3.082458018052860638e+01 -1.082192438728765360e+01 6.888118809311162549e-02 7.941176470588235947e-01 2.923875432525952500e-01 1.000000000000000000e+00
0.000000000000000000e+00 -8.627276053003871681e+00 4.807060521481194559e-01 1.582995292523924746e+01 -4.164650456781625820e+01 -8.201646553055971789e-02 8.088235294117647189e-01 3.159602076124568559e-01 1.000000000000000000e+00
0.000000000000000000e+00 -7.572183680008404139e+00 6.256654534248615729e-01 3.917933067029256478e+00 -5.747645749305549856e+01 -1.593215886021210614e-01 8.235294117647058432e-01 3.399653979238754231e-01 1.000000000000000000e+00
0.000000000000000000e+00 -6.160217368905617441e+00 6.316696828708492362e-01 -4.046228174417338508e+00 -6.139439056008475148e+01 -1.824317852977864751e-01 8.382352941176469674e-01 3.644031141868510626e-01 1.000000000000000000e+00
0.000000000000000000e+00 -4.723634734481582775e+00 5.582471696433095598e-01 -8.351934966580170538e+00 -5.734816238566741475e+01 -1.719735941197159668e-01 8.529411764705883137e-01 3.892733564013842185e-01 1.000000000000000000e+00
0.000000000000000000e+00 -3.448724601348480245e+00 4.519711163639402174e-01 -9.847356847862563711e+00 -4.899622741908725487e+01 -1.448769298271954942e-01 8.676470588235294379e-01 4.145761245674741136e-01 1.000000000000000000e+00
0.000000000000000000e+00 -2.415373419529607713e+00 3.418678422472403167e-01 -9.509707653195523136e+00 -3.914887057122469116e+01 -1.131945187161594174e-01 8.823529411764705621e-01 4.403114186851210810e-01 1.000000000000000000e+00
0.000000000000000000e+00 -1.632129723120211207e+00 2.455923199956945302e-01 -8.193369050391538622e+00 -2.963916291802917513e+01 -8.318980214328987322e-02 8.970588235294116863e-01 4.664792387543251206e-01 1.000000000000000000e+00
0.000000000000000000e+00 -1.068087548608309234e+00 1.689069575779986732e-01 -6.524048775728675587e+00 -2.144579386763763651e+01 -5.828069382695963419e-02 9.117647058823528106e-01 4.930795847750863437e-01 1.000000000000000000e+00
0.000000000000000000e+00 -6.785751950964080681e-01 1.117406511296748367e-01 -4.891279110274192377e+00 -1.492174509190896359e+01 -3.908590587037785030e-02 9.264705882352941568e-01 5.201124567474049165e-01 1.000000000000000000e+00
0.000000000000000000e+00 -4.206033349221528495e-01 7.171726937668987389e-02 -3.492556042617317669e+00 -1.003046598163477121e+01 -2.544602634008697253e-02 9.411764705882352811e-01 5.475778546712803951e-01 1.000000000000000000e+00
0.000000000000000000e+00 -2.539725141044568146e-01 4.453650411703380385e-02 -2.393583392618136685e+00 -6.537909939017453098e+00 -1.611247146021906745e-02 9.558823529411764053e-01 5.754757785467126130e-01 1.000000000000000000e+00
0.000000000000000000e+00 -1.505373222374284947e-01 2.708978048842378833e-02 -1.583400877237604920e+00 -4.144326546399316413e+00 -9.902255985866498245e-03 9.705882352941175295e-01 6.038062283737022362e-01 1.000000000000000000e+00
0.000000000000000000e+00 -8.674644625858635161e-02 1.589008930450414026e-02 -1.015430349782697306e+00 -2.560925669161711937e+00 -5.956150342353342189e-03 9.852941176470588758e-01 6.325692041522492648e-01 1.000000000000000000e+00
0.000000000000000000e+00 -4.884112621555195682e-02 9.061306095126087437e-03 -6.334642160371108943e-01 -1.545495319379014187e+00 -3.454695169179437201e-03 1.000000000000000000e+00 6.617647058823530326e-01 1.000000000000000000e+00
