0.000000000000000000e+00 0.000000000000000000e+00 0.000000000000000000e+00 0.000000000000000000e+00 0.000000000000000000e+00 0.000000000000000000e+00 -1.000000000000000000e+00 6.616161616161615466e-01 1.000000000000000000e+00
0.000000000000000000e+00 0.000000000000000000e+00 0.000000000000000000e+00 0.000000000000000000e+00 0.000000000000000000e+00 0.000000000000000000e+00 -9.848484848484848619e-01 6.315426997245178198e-01 1.000000000000000000e+00
0.000000000000000000e+00 0.000000000000000000e+00 0.000000000000000000e+00 0.000000000000000000e+00 0.000000000000000000e+00 0.000000000000000000e+00 -9.696969696969697239e-01 6.019283746556474135e-01 1.000000000000000000e+00
0.000000000000000000e+00 0.000000000000000000e+00 0.000000000000000000e+00 0.000000000000000000e+00 0.000000000000000000e+00 0.000000000000000000e+00 -9.545454545454545858e-01 5.727731864095501058e-01 1.000000000000000000e+00
0.000000000000000000e+00 0.000000000000000000e+00 0.000000000000000000e+00 0.000000000000000000e+00 0.000000000000000000e+00 0.000000000000000000e+00 -9.393939393939394478e-01 5.440771349862258965e-01 1.000000000000000000e+00
0.000000000000000000e+00 0.000000000000000000e+00 0.000000000000000000e+00 0.000000000000000000e+00 0.000000000000000000e+00 0.000000000000000000e+00 -9.242424242424241987e-01 5.158402203856747859e-01 1.000000000000000000e+00
0.000000000000000000e+00 0.000000000000000000e+00 0.000000000000000000e+00 0.000000000000000000e+00 0.000000000000000000e+00 0.000000000000000000e+00 -9.090909090909090606e-01 4.880624426078969957e-01 1.000000000000000000e+00
2.117468768155458814e-01 0.000000000000000000e+00 0.000000000000000000e+00 0.000000000000000000e+00 2.117468768155458814e-01 0.000000000000000000e+00 -8.939393939393939226e-01 4.607438016528924152e-01 1.000000000000000000e+00
5.604207801657265620e+00 1.680064029604724507e-01 1.200046215450240178e-01 0.000000000000000000e+00 5.815954678472811779e+00 -3.618135492235846629e-02 -8.787878787878787845e-01 4.338842975206610442e-01 1.000000000000000000e+00
2.349901958097593280e+01 2.852652541998558000e+00 1.869603370653509344e+00 0.000000000000000000e+00 2.931497425944874280e+01 -6.040903029065946006e-01 -8.636363636363636465e-01 4.074839302112028827e-01 1.000000000000000000e+00
4.547807856207464283e+01 1.101784414163099868e+01 5.185245681510953553e+00 0.000000000000000000e+00 7.479305282152337497e+01 -2.209006446327903550e+00 -8.484848484848485084e-01 3.815426997245179308e-01 1.000000000000000000e+00
5.823797090229498963e+01 2.192117363174607192e+01 7.324789426132462644e+00 0.000000000000000000e+00 1.330310237238183788e+02 -4.212553111653770443e+00 -8.333333333333332593e-01 3.560606060606058554e-01 1.000000000000000000e+00
5.733209000308235659e+01 2.934375723516636114e+01 7.203852948364405151e+00 0.000000000000000000e+00 1.903631137269007354e+02 -5.454731649684799066e+00 -8.181818181818181213e-01 3.310376492194672116e-01 1.000000000000000000e+00
4.624100544820613834e+01 3.242133588915485376e+01 4.885684984830049871e+00 0.000000000000000000e+00 2.366041191751068595e+02 -5.459477718079392972e+00 -8.030303030303029832e-01 3.064738292011017773e-01 1.000000000000000000e+00
3.082458018052860993e+01 3.326538079384674518e+01 1.110876833096186012e+00 0.000000000000000000e+00 2.674286993556355014e+02 -4.466739395855169548e+00 -7.878787878787878451e-01 2.823691460055095526e-01 1.000000000000000000e+00
1.582995292523924746e+01 3.337928833890875069e+01 -3.045525258974783878e+00 0.000000000000000000e+00 2.832586522808747418e+02 -2.701698176536354801e+00 -7.727272727272727071e-01 2.587235996326904264e-01 1.000000000000000000e+00
3.917933067029256922e+00 3.339841032009367439e+01 -6.724367424195875742e+00 0.000000000000000000e+00 2.871765853479040516e+02 -5.033064301410657970e-01 -7.575757575757575690e-01 2.355371900826445097e-01 1.000000000000000000e+00
-4.046228174417338508e+00 3.333087232925072385e+01 -9.431786824683477732e+00 0.000000000000000000e+00 2.831303571734865727e+02 1.426810267630093554e+00 -7.424242424242424310e-01 2.128099173553718026e-01 1.000000000000000000e+00
-8.351934966580170538e+00 3.302584154827594887e+01 -1.103764882271918424e+01 0.000000000000000000e+00 2.747784222069064413e+02 2.616139323910620096e+00 -7.272727272727272929e-01 1.905417814508723051e-01 1.000000000000000000e+00
-9.847356847862563711e+00 3.038303753592019518e+01 -1.092441302572803430e+01 0.000000000000000000e+00 2.649310653590439415e+02 2.982519145971953556e+00 -7.121212121212121549e-01 1.687327823691460171e-01 1.000000000000000000e+00
-9.509707653195523136e+00 2.687684865392037281e+01 -7.579752469477115895e+00 0.000000000000000000e+00 2.554213577058484077e+02 2.760878528618501804e+00 -6.969696969696970168e-01 1.473829201101928277e-01 1.000000000000000000e+00
-8.193369050391538622e+00 2.679169920378778613e+01 -1.694033117900624275e+00 0.000000000000000000e+00 2.472279886554568407e+02 2.129653852982324125e+00 -6.818181818181818787e-01 1.264921946740128478e-01 1.000000000000000000e+00
-6.524048775728676475e+00 2.940495743697917419e+01 3.211234706786085358e+00 0.000000000000000000e+00 2.407039398797281819e+02 1.214899299378073394e+00 -6.666666666666666297e-01 1.060606060606059664e-01 1.000000000000000000e+00
-4.891279110274192377e+00 3.000665869419737675e+01 5.649538976774656440e+00 0.000000000000000000e+00 2.358126607694539985e+02 3.291386163898342154e-01 -6.515151515151514916e-01 8.608815426997235010e-02 1.000000000000000000e+00
-3.492556042617317669e+00 2.839369469623592579e+01 7.595347774632173810e+00 0.000000000000000000e+00 2.323201047268366608e+02 -2.511867670933597418e-01 -6.363636363636363535e-01 6.657483930211194334e-02 1.000000000000000000e+00
-2.393583392618136685e+00 2.665693465037742627e+01 1.071021528598210182e+01 0.000000000000000000e+00 2.299265213342185348e+02 -4.321544404248675586e-01 -6.212121212121212155e-01 4.752066115702474614e-02 1.000000000000000000e+00
-1.583400877237604920e+00 2.606158230735875492e+01 1.478448978592900076e+01 0.000000000000000000e+00 2.283431204569808983e+02 5.886503460944353394e-03 -6.060606060606060774e-01 2.892561983471070297e-02 1.000000000000000000e+00
-1.015430349782697084e+00 2.888449255238802849e+01 1.813805712359177491e+01 0.000000000000000000e+00 2.273276901071982081e+02 6.210367220935884003e-01 -5.909090909090908283e-01 1.078971533516970283e-02 1.000000000000000000e+00
-6.334642160371108943e-01 3.540872577073091776e+01 1.749070154163877788e+01 0.000000000000000000e+00 2.266942258911610963e+02 4.977819331307219430e-01 -5.757575757575756903e-01 -6.887052341597921234e-03 1.000000000000000000e+00
-3.855056614111704860e-01 4.156144732205834913e+01 1.259038554522731879e+01 0.000000000000000000e+00 2.263087202297499232e+02 -2.334376773611724354e-01 -5.606060606060605522e-01 -2.410468319559239125e-02 1.000000000000000000e+00
-2.294031932415433461e-01 4.211796682589240248e+01 6.112928478546509226e+00 0.000000000000000000e+00 2.260793170365083995e+02 -9.667430212821664925e-01 -5.454545454545454142e-01 -4.086317722681370723e-02 1.000000000000000000e+00
-1.337512796992686437e-01 3.805601418387704626e+01 -7.360987736981594587e-02 0.000000000000000000e+00 2.259455657568091169e+02 -1.467814915557238864e+00 -5.303030303030302761e-01 -5.716253443526181366e-02 1.000000000000000000e+00
-7.653767043573003748e-02 3.293399471717321347e+01 -5.227483178098490058e+00 0.000000000000000000e+00 2.258690280863733904e+02 -1.777129925635329677e+00 -5.151515151515151381e-01 -7.300275482093671053e-02 1.000000000000000000e+00
-4.305100005897258275e-02 2.909737856576990112e+01 -9.088459721351407339e+00 0.000000000000000000e+00 2.258259770863144240e+02 -2.017090400144919471e+00 -5.000000000000000000e-01 -8.838383838383845337e-02 1.000000000000000000e+00
-2.383385654119712926e-02 2.922548580261125295e+01 -1.221219539268826715e+01 0.000000000000000000e+00 2.258021432297732360e+02 -2.318891466228282905e+00 -4.848484848484848619e-01 -1.033057851239669866e-01 1.000000000000000000e+00
-1.300213567105418418e-02 3.175502178948289966e+01 -1.422248820787393342e+01 0.000000000000000000e+00 2.257891410941021775e+02 -2.487586491913713171e+00 -4.696969696969697239e-01 -1.177685950413223659e-01 1.000000000000000000e+00
-6.946306282967240966e-03 3.392706724087366155e+01 -1.258546513849571546e+01 0.000000000000000000e+00 2.257821947878192077e+02 -1.800156326048711897e+00 -4.545454545454545858e-01 -1.317722681359045356e-01 1.000000000000000000e+00
0.000000000000000000e+00 3.445935965717639249e+01 -6.607710723092027116e+00 0.000000000000000000e+00 2.257821947878192077e+02 -6.015930691832181709e-02 -4.393939393939393367e-01 -1.453168044077136067e-01 1.000000000000000000e+00
0.000000000000000000e+00 3.143388458689020126e+01 3.532488480870223935e-01 0.000000000000000000e+00 2.257821947878192077e+02 1.784024539808773957e+00 -4.242424242424241987e-01 -1.584022038567494128e-01 1.000000000000000000e+00
0.000000000000000000e+00 2.694132309317462415e+01 4.736468689806424770e+00 0.000000000000000000e+00 2.257821947878192077e+02 3.059258120715794060e+00 -4.090909090909090606e-01 -1.710284664830120371e-01 1.000000000000000000e+00
0.000000000000000000e+00 2.580720767994009179e+01 7.000907861563351098e+00 0.000000000000000000e+00 2.257821947878192077e+02 3.883036564142905878e+00 -3.939393939393939226e-01 -1.831955922865014519e-01 1.000000000000000000e+00
0.000000000000000000e+00 2.779426758939608533e+01 9.265996082208072693e+00 0.000000000000000000e+00 2.257821947878192077e+02 4.388992894983897664e+00 -3.787878787878787845e-01 -1.949035812672177126e-01 1.000000000000000000e+00
0.000000000000000000e+00 3.031707366846679719e+01 1.023068328762886736e+01 0.000000000000000000e+00 2.257821947878192077e+02 4.640575433822976770e+00 -3.636363636363636465e-01 -2.061524334251607637e-01 1.000000000000000000e+00
0.000000000000000000e+00 3.174960110368979826e+01 8.552360880433047541e+00 0.000000000000000000e+00 2.257821947878192077e+02 4.692863553207727634e+00 -3.484848484848485084e-01 -2.169421487603306331e-01 1.000000000000000000e+00
0.000000000000000000e+00 2.978479886289754930e+01 5.229870949523554025e+00 0.000000000000000000e+00 2.257821947878192077e+02 4.332152839106789166e+00 -3.333333333333332593e-01 -2.272727272727274039e-01 1.000000000000000000e+00
0.000000000000000000e+00 2.607602097591231072e+01 1.251511694802640573e+00 0.000000000000000000e+00 2.257821947878192077e+02 3.507645556663569586e+00 -3.181818181818181213e-01 -2.371441689623508819e-01 1.000000000000000000e+00
0.000000000000000000e+00 2.313897408348309526e+01 -2.720893241533458351e+00 0.000000000000000000e+00 2.257821947878192077e+02 2.418811654899655217e+00 -3.030303030303029832e-01 -2.465564738292012059e-01 1.000000000000000000e+00
0.000000000000000000e+00 1.992232611490375049e+01 -5.572186792182193038e+00 0.000000000000000000e+00 2.257821947878192077e+02 1.333905186442181590e+00 -2.878787878787878451e-01 -2.555096418732782926e-01 1.000000000000000000e+00
0.000000000000000000e+00 1.757013871473548505e+01 -7.366937857564662018e+00 0.000000000000000000e+00 2.257821947878192077e+02 5.784549895885386928e-01 -2.727272727272727071e-01 -2.640036730945822807e-01 1.000000000000000000e+00
0.000000000000000000e+00 1.956333723823754056e+01 -9.203477363118503618e+00 0.000000000000000000e+00 2.257821947878192077e+02 1.532922559418646302e-01 -2.575757575757575690e-01 -2.720385674931130038e-01 1.000000000000000000e+00
0.000000000000000000e+00 2.445656301525013276e+01 -1.095287696201216043e+01 2.117468768155459091e-01 2.257821947878192077e+02 -2.303753483757652876e-01 -2.424242424242424310e-01 -2.796143250688705728e-01 1.000000000000000000e+00
0.000000000000000000e+00 2.690856814701085042e+01 -1.141074655907452673e+01 5.604207801657265620e+00 2.255704479110036687e+02 -5.913963927605068172e-01 -2.272727272727272929e-01 -2.867309458218549878e-01 1.000000000000000000e+00
0.000000000000000000e+00 2.432317895258287521e+01 -1.011819501776556152e+01 2.349901958097592924e+01 2.199662401093464155e+02 -8.259776174021207229e-01 -2.121212121212121549e-01 -2.933884297520661932e-01 1.000000000000000000e+00
0.000000000000000000e+00 1.780666160181253588e+01 -7.598977047943064278e+00 4.547807856207463573e+01 1.964672205283704898e+02 -8.933421245385998466e-01 -1.969696969696969058e-01 -2.995867768595042446e-01 1.000000000000000000e+00
0.000000000000000000e+00 9.870257949999293956e+00 -4.702599056732676530e+00 5.823797090229498963e+01 1.509891419662958469e+02 -8.259872339773751682e-01 -1.818181818181817677e-01 -3.053259871441690310e-01 1.000000000000000000e+00
0.000000000000000000e+00 2.635541883033388988e+00 -2.099478030314475774e+00 5.733209000308235659e+01 9.275117106400082889e+01 -6.824470088243561605e-01 -1.666666666666666297e-01 -3.106060606060606633e-01 1.000000000000000000e+00
0.000000000000000000e+00 -2.755267178330261579e+00 -1.390337357982852351e-01 4.624100544820613834e+01 3.541908106091847941e+01 -5.151972998784619673e-01 -1.515151515151514916e-01 -3.154269972451791415e-01 1.000000000000000000e+00
0.000000000000000000e+00 -6.021192749514749920e+00 1.104823498687017569e+00 3.082458018052860638e+01 -1.082192438728766071e+01 -3.582257618783019071e-01 -1.363636363636363535e-01 -3.197887970615244102e-01 1.000000000000000000e+00
0.000000000000000000e+00 -7.423480624857904608e+00 1.724299192453150997e+00 1.582995292523924746e+01 -4.164650456781626531e+01 -2.293516751952988375e-01 -1.212121212121212155e-01 -3.236914600550964694e-01 1.000000000000000000e+00
0.000000000000000000e+00 -7.463340187672675263e+00 1.883623787887030332e+00 3.917933067029256922e+00 -5.747645749305551277e+01 -1.337705538494453616e-01 -1.060606060606060774e-01 -3.271349862258953745e-01 1.000000000000000000e+00
0.000000000000000000e+00 -6.673615585685320539e+00 1.754563955166099198e+00 -4.046228174417338508e+00 -6.139439056008477280e+01 -6.905513520579889541e-02 -9.090909090909082835e-02 -3.301193755739211255e-01 1.000000000000000000e+00
0.000000000000000000e+00 -5.502033080300983592e+00 1.480975512501193414e+00 -8.351934966580170538e+00 -5.734816238566742896e+01 -2.901746514729606347e-02 -7.575757575757569029e-02 -3.326446280991736115e-01 1.000000000000000000e+00
0.000000000000000000e+00 -4.260636601830647407e+00 1.163975246757759541e+00 -9.847356847862561935e+00 -4.899622741908726198e+01 -6.821335613651835494e-03 -6.060606060606055223e-02 -3.347107438016529435e-01 1.000000000000000000e+00
0.000000000000000000e+00 -3.135634589430756236e+00 8.652138648677627497e-01 -9.509707653195523136e+00 -3.914887057122470537e+01 3.851440181377995334e-03 -4.545454545454541417e-02 -3.363177226813591214e-01 1.000000000000000000e+00
0.000000000000000000e+00 -2.211098638326236099e+00 6.144511255717217679e-01 -8.193369050391538622e+00 -2.963916291802917868e+01 7.745120886272124569e-03 -3.030303030303027612e-02 -3.374655647382920898e-01 1.000000000000000000e+00
0.000000000000000000e+00 -1.501444797833529687e+00 4.200892141263875557e-01 -6.524048775728675587e+00 -2.144579386763764006e+01 8.230029945071028197e-03 -1.515151515151513806e-02 -3.381542699724518486e-01 1.000000000000000000e+00
0.000000000000000000e+00 -9.872216903648767250e-01 2.771697706004862538e-01 -4.891279110274192377e+00 -1.492174509190896359e+01 6.937775689786197970e-03 0.000000000000000000e+00 -3.383838383838384534e-01 1.000000000000000000e+00
0.000000000000000000e+00 -6.303414355759446863e-01 1.774435354850959212e-01 -3.492556042617317669e+00 -1.003046598163476943e+01 5.269223457615013553e-03 1.515151515151513806e-02 -3.381542699724518486e-01 1.000000000000000000e+00
2.117468768155459091e-01 -3.912807570008800528e-01 1.104245194240497940e-01 -2.393583392618136685e+00 -6.326163062201906939e+00 3.780982666876825903e-03 3.030303030303027612e-02 -3.374655647382920898e-01 1.000000000000000000e+00
5.604207801657265620e+00 -6.896666492307412799e-02 1.970474170183120904e-02 -1.583400877237604920e+00 1.671628132073495365e+00 -1.693996949369383845e-02 4.545454545454541417e-02 -3.363177226813591214e-01 1.000000000000000000e+00
2.349901958097592924e+01 2.711795312355678167e+00 -6.067914829139178234e-01 -1.015430349782697084e+00 2.675404859028702731e+01 -3.104252067272444959e-01 6.060606060606055223e-02 -3.347107438016529435e-01 1.000000000000000000e+00
4.547807856207463573e+01 1.093646886355550940e+01 -4.400561258438133727e-01 -6.334642160371108943e-01 7.324755750214437455e+01 -9.640867669854141786e-01 7.575757575757569029e-02 -3.326446280991736115e-01 1.000000000000000000e+00
5.823797090229498963e+01 2.187457195553189493e+01 2.083326550890071793e+00 -3.855056614111704860e-01 1.321189926204764902e+02 -1.566691451551275094e+00 9.090909090909082835e-02 -3.301193755739211255e-01 1.000000000000000000e+00
5.733209000308235659e+01 2.931757193954551965e+01 5.211534880017851812e+00 -2.294031932415433461e-01 1.898365882849699915e+02 -1.808561204303498426e+00 1.060606060606061884e-01 -3.271349862258953745e-01 1.000000000000000000e+00
4.624100544820613834e+01 3.240754801687261732e+01 6.328485028959986991e+00 -1.337512796992686437e-01 2.363069969264176962e+02 -1.900648508143662374e+00 1.212121212121213265e-01 -3.236914600550964694e-01 1.000000000000000000e+00
3.082458018052860638e+01 3.325783366896727244e+01 4.814692261129200013e+00 -7.653767043573003748e-02 2.672653283866455354e+02 -2.062992316726852238e+00 1.363636363636364646e-01 -3.197887970615243547e-01 1.000000000000000000e+00
1.582995292523924746e+01 3.337526463068800098e+01 3.764127621575006799e+00 -4.305100005897258275e-02 2.831718189823204739e+02 -1.861453113874343757e+00 1.515151515151516026e-01 -3.154269972451790860e-01 1.000000000000000000e+00
3.917933067029256922e+00 3.339704044931197302e+01 5.282600717146382685e+00 -2.383385654119712926e-02 2.871328030494087216e+02 -1.029213448448608625e+00 1.666666666666667407e-01 -3.106060606060606633e-01 1.000000000000000000e+00
-4.046228174417338508e+00 3.349887873221119605e+01 7.002909376018012999e+00 -1.300213567105418418e-02 2.831104087315326296e+02 5.582431395424513124e-03 1.818181818181818787e-01 -3.053259871441690310e-01 1.000000000000000000e+00
-8.351934966580170538e+00 3.571048768731403555e+01 8.160745094993632875e+00 -6.946306282967240966e-03 2.747714759006235568e+02 5.654342004683492462e-01 1.969696969696970168e-01 -2.995867768595041891e-01 1.000000000000000000e+00
-9.847356847862561935e+00 3.854822913555263852e+01 9.866640279826599524e+00 0.000000000000000000e+00 2.649310653590438847e+02 3.922584250527877403e-01 2.121212121212121549e-01 -2.933884297520661932e-01 1.000000000000000000e+00
-9.509707653195523136e+00 3.778017814403545316e+01 1.099735140998692806e+01 0.000000000000000000e+00 2.554213577058483793e+02 -1.310907201830097679e-01 2.272727272727272929e-01 -2.867309458218549878e-01 1.000000000000000000e+00
-8.193369050391538622e+00 3.421428280720807891e+01 9.718373662353275932e+00 0.000000000000000000e+00 2.472279886554568407e+02 -8.169915132080571851e-01 2.424242424242424310e-01 -2.796143250688705728e-01 1.000000000000000000e+00
-6.524048775728675587e+00 3.265054249392814256e+01 5.265755856770715226e+00 0.000000000000000000e+00 2.407039398797281535e+02 -1.015273669446816962e+00 2.575757575757575690e-01 -2.720385674931130038e-01 1.000000000000000000e+00
-4.891279110274192377e+00 3.319933693200639624e+01 -7.542763921839058527e-01 0.000000000000000000e+00 2.358126607694539700e+02 -8.811083579813022704e-02 2.727272727272727071e-01 -2.640036730945822807e-01 1.000000000000000000e+00
-3.492556042617317669e+00 3.180752077173562498e+01 -5.563066535006711888e+00 0.000000000000000000e+00 2.323201047268366608e+02 1.262910961250398145e+00 2.878787878787878451e-01 -2.555096418732782926e-01 1.000000000000000000e+00
-2.393583392618136685e+00 2.863091572768491133e+01 -6.214878402362515430e+00 0.000000000000000000e+00 2.299265213342185348e+02 2.078274638683727638e+00 3.030303030303029832e-01 -2.465564738292012059e-01 1.000000000000000000e+00
-1.583400877237604920e+00 2.587097839133232924e+01 -2.342490891823808319e+00 0.000000000000000000e+00 2.283431204569808983e+02 2.058226671168287059e+00 3.181818181818181213e-01 -2.371441689623508819e-01 1.000000000000000000e+00
-1.015430349782697084e+00 2.457902090156995456e+01 2.057856362118683613e+00 0.000000000000000000e+00 2.273276901071982081e+02 1.802397032986014391e+00 3.333333333333334814e-01 -2.272727272727272374e-01 1.000000000000000000e+00
-6.334642160371108943e-01 2.456349911386988083e+01 3.834508302923657297e+00 0.000000000000000000e+00 2.266942258911610963e+02 1.828142312209819487e+00 3.484848484848486194e-01 -2.169421487603305498e-01 1.000000000000000000e+00
-3.855056614111704860e-01 2.317655606559335268e+01 3.188091196329597476e+00 0.000000000000000000e+00 2.263087202297499232e+02 1.912062456822652745e+00 3.636363636363637575e-01 -2.061524334251606805e-01 1.000000000000000000e+00
-2.294031932415433461e-01 2.131998260041856241e+01 8.893793250361371472e-01 0.000000000000000000e+00 2.260793170365083995e+02 1.490142050192264866e+00 3.787878787878788955e-01 -1.949035812672176293e-01 1.000000000000000000e+00
-1.337512796992686437e-01 2.286782411807265802e+01 -2.889715000065588235e+00 0.000000000000000000e+00 2.259455657568091169e+02 3.042793837990661610e-01 3.939393939393940336e-01 -1.831955922865013686e-01 1.000000000000000000e+00
-7.653767043573003748e-02 2.703635420472471651e+01 -6.853385443616509143e+00 0.000000000000000000e+00 2.258690280863733904e+02 -1.119288141740460762e+00 4.090909090909091717e-01 -1.710284664830119539e-01 1.000000000000000000e+00
-4.305100005897258275e-02 3.120916892416449429e+01 -7.642942301712234432e+00 0.000000000000000000e+00 2.258259770863144240e+02 -1.876825440970884884e+00 4.242424242424243097e-01 -1.584022038567493296e-01 1.000000000000000000e+00
-2.383385654119712926e-02 3.597200333854603116e+01 -4.572852855687353113e+00 0.000000000000000000e+00 2.258021432297732360e+02 -2.127093358903171527e+00 4.393939393939394478e-01 -1.453168044077135235e-01 1.000000000000000000e+00
-1.300213567105418418e-02 3.977672733383168691e+01 -8.668854639684657748e-01 0.000000000000000000e+00 2.257891410941021775e+02 -2.603413909696546291e+00 4.545454545454545858e-01 -1.317722681359045356e-01 1.000000000000000000e+00
-6.946306282967240966e-03 3.891807657449007962e+01 1.447759971897108366e+00 0.000000000000000000e+00 2.257821947878192077e+02 -3.034930250448838240e+00 4.696969696969697239e-01 -1.177685950413223659e-01 1.000000000000000000e+00
0.000000000000000000e+00 3.460562028510076260e+01 1.617297957732068081e+00 0.000000000000000000e+00 2.257821947878192077e+02 -2.539136403247890694e+00 4.848484848484848619e-01 -1.033057851239669866e-01 1.000000000000000000e+00
0.000000000000000000e+00 3.003401805907826727e+01 -1.068679855647634569e-01 0.000000000000000000e+00 2.257821947878192077e+02 -9.058239087650155064e-01 5.000000000000000000e-01 -8.838383838383845337e-02 1.000000000000000000e+00
0.000000000000000000e+00 2.693048427425951985e+01 -2.833990423691648441e+00 0.000000000000000000e+00 2.257821947878192077e+02 7.913281853333886673e-01 5.151515151515151381e-01 -7.300275482093671053e-02 1.000000000000000000e+00
0.000000000000000000e+00 2.562707824552834524e+01 -5.687075453572197681e+00 0.000000000000000000e+00 2.257821947878192077e+02 1.660863528820471391e+00 5.303030303030302761e-01 -5.716253443526181366e-02 1.000000000000000000e+00
0.000000000000000000e+00 2.577189853966609689e+01 -8.094994007686988624e+00 0.000000000000000000e+00 2.257821947878192077e+02 1.666500187719379467e+00 5.454545454545454142e-01 -4.086317722681370723e-02 1.000000000000000000e+00
0.000000000000000000e+00 2.884773117878181736e+01 -1.039585665843164541e+01 0.000000000000000000e+00 2.257821947878192077e+02 1.293084364458767066e+00 5.606060606060605522e-01 -2.410468319559239125e-02 1.000000000000000000e+00
0.000000000000000000e+00 3.291644843802590259e+01 -1.217475300573650010e+01 0.000000000000000000e+00 2.257821947878192077e+02 9.961372269327672946e-01 5.757575757575756903e-01 -6.887052341597921234e-03 1.000000000000000000e+00
0.000000000000000000e+00 3.343378819211665132e+01 -1.219542490792723832e+01 0.000000000000000000e+00 2.257821947878192077e+02 8.124029221122044397e-01 5.909090909090910504e-01 1.078971533516998038e-02 1.000000000000000000e+00
0.000000000000000000e+00 3.085514911791217685e+01 -8.642483955943710328e+00 0.000000000000000000e+00 2.257821947878192077e+02 5.613886055046306556e-01 6.060606060606061884e-01 2.892561983471081399e-02 1.000000000000000000e+00
0.000000000000000000e+00 2.788912132921944931e+01 -1.693954975025500520e+00 0.000000000000000000e+00 2.257821947878192077e+02 1.442958769810958886e-01 6.212121212121213265e-01 4.752066115702485716e-02 1.000000000000000000e+00
0.000000000000000000e+00 2.619691868049905992e+01 4.521774066331156305e+00 0.000000000000000000e+00 2.257821947878192077e+02 -5.906235939549066005e-01 6.363636363636364646e-01 6.657483930211210987e-02 1.000000000000000000e+00
0.000000000000000000e+00 2.807005503210762853e+01 6.414003675801721371e+00 0.000000000000000000e+00 2.257821947878192077e+02 -1.153054983175169079e+00 6.515151515151516026e-01 8.608815426997251663e-02 1.000000000000000000e+00
0.000000000000000000e+00 3.164230032660872638e+01 4.302353977447372024e+00 0.000000000000000000e+00 2.257821947878192077e+02 -8.039888705411930570e-01 6.666666666666667407e-01 1.060606060606060774e-01 1.000000000000000000e+00
0.000000000000000000e+00 3.200132821651852311e+01 9.297619819473810221e-01 2.117468768155459091e-01 2.257821947878192077e+02 8.394778473002029173e-02 6.818181818181818787e-01 1.264921946740128478e-01 1.000000000000000000e+00
0.000000000000000000e+00 2.718861452438124360e+01 -1.629894527111536817e+00 5.604207801657265620e+00 2.255704479110036687e+02 8.548763420802218960e-01 6.969696969696970168e-01 1.473829201101928277e-01 1.000000000000000000e+00
0.000000000000000000e+00 1.877315637072917553e+01 -2.769111446462068749e+00 2.349901958097592924e+01 2.199662401093464155e+02 1.212302407131335968e+00 7.121212121212121549e-01 1.687327823691460171e-01 1.000000000000000000e+00
0.000000000000000000e+00 9.477554926276630098e+00 -2.754190575276912689e+00 4.547807856207463573e+01 1.964672205283704898e+02 1.188216864100782422e+00 7.272727272727272929e-01 1.905417814508723051e-01 1.000000000000000000e+00
0.000000000000000000e+00 1.435812017415282860e+00 -2.094072907500957648e+00 5.823797090229498963e+01 1.509891419662958469e+02 9.375003603737732671e-01 7.424242424242424310e-01 2.128099173553718026e-01 1.000000000000000000e+00
0.000000000000000000e+00 -4.305485051140916397e+00 -1.229877878106184097e+00 5.733209000308235659e+01 9.275117106400082889e+01 6.093470687188620172e-01 7.575757575757575690e-01 2.355371900826445097e-01 1.000000000000000000e+00
0.000000000000000000e+00 -7.598734781941159255e+00 -4.422687614992659721e-01 4.624100544820613834e+01 3.541908106091847941e+01 3.034350630201216314e-01 7.727272727272727071e-01 2.587235996326904264e-01 1.000000000000000000e+00
0.000000000000000000e+00 -8.837453436940363005e+00 1.365957571021465533e-01 3.082458018052860638e+01 -1.082192438728766071e+01 6.888118809311161161e-02 7.878787878787878451e-01 2.823691460055095526e-01 1.000000000000000000e+00
0.000000000000000000e+00 -8.627276053003871681e+00 4.807060521481195114e-01 1.582995292523924746e+01 -4.164650456781626531e+01 -8.201646553055974564e-02 8.030303030303029832e-01 3.064738292011017773e-01 1.000000000000000000e+00
0.000000000000000000e+00 -7.572183680008404139e+00 6.256654534248615729e-01 3.917933067029256922e+00 -5.747645749305551277e+01 -1.593215886021210892e-01 8.181818181818183433e-01 3.310376492194675446e-01 1.000000000000000000e+00
0.000000000000000000e+00 -6.160217368905616553e+00 6.316696828708492362e-01 -4.046228174417338508e+00 -6.139439056008477280e+01 -1.824317852977865029e-01 8.333333333333334814e-01 3.560606060606061884e-01 1.000000000000000000e+00
0.000000000000000000e+00 -4.723634734481581887e+00 5.582471696433095598e-01 -8.351934966580170538e+00 -5.734816238566742896e+01 -1.719735941197159113e-01 8.484848484848486194e-01 3.815426997245180418e-01 1.000000000000000000e+00
0.000000000000000000e+00 -3.448724601348480245e+00 4.519711163639401619e-01 -9.847356847862561935e+00 -4.899622741908726198e+01 -1.448769298271954664e-01 8.636363636363637575e-01 4.074839302112031048e-01 1.000000000000000000e+00
0.000000000000000000e+00 -2.415373419529608157e+00 3.418678422472403167e-01 -9.509707653195523136e+00 -3.914887057122470537e+01 -1.131945187161594174e-01 8.787878787878788955e-01 4.338842975206612662e-01 1.000000000000000000e+00
0.000000000000000000e+00 -1.632129723120211207e+00 2.455923199956945302e-01 -8.193369050391538622e+00 -2.963916291802917868e+01 -8.318980214328987322e-02 8.939393939393940336e-01 4.607438016528926372e-01 1.000000000000000000e+00
0.000000000000000000e+00 -1.068087548608309234e+00 1.689069575779986732e-01 -6.524048775728675587e+00 -2.144579386763764006e+01 -5.828069382695962725e-02 9.090909090909091717e-01 4.880624426078972178e-01 1.000000000000000000e+00
0.000000000000000000e+00 -6.785751950964080681e-01 1.117406511296748228e-01 -4.891279110274192377e+00 -1.492174509190896359e+01 -3.908590587037784336e-02 9.242424242424243097e-01 5.158402203856750079e-01 1.000000000000000000e+00
0.000000000000000000e+00 -4.206033349221528495e-01 7.171726937668987389e-02 -3.492556042617317669e+00 -1.003046598163476943e+01 -2.544602634008697253e-02 9.393939393939394478e-01 5.440771349862258965e-01 1.000000000000000000e+00
0.000000000000000000e+00 -2.539725141044567591e-01 4.453650411703380385e-02 -2.393583392618136685e+00 -6.537909939017453098e+00 -1.611247146021906398e-02 9.545454545454545858e-01 5.727731864095501058e-01 1.000000000000000000e+00
0.000000000000000000e+00 -1.505373222374284947e-01 2.708978048842378833e-02 -1.583400877237604920e+00 -4.144326546399316413e+00 -9.902255985866498245e-03 9.696969696969697239e-01 6.019283746556474135e-01 1.000000000000000000e+00
0.000000000000000000e+00 -8.674644625858635161e-02 1.589008930450414026e-02 -1.015430349782697084e+00 -2.560925669161711493e+00 -5.956150342353341322e-03 9.848484848484848619e-01 6.315426997245178198e-01 1.000000000000000000e+00
0.000000000000000000e+00 -4.884112621555194989e-02 9.061306095126087437e-03 -6.334642160371108943e-01 -1.545495319379014632e+00 -3.454695169179437201e-03 1.000000000000000000e+00 6.616161616161615466e-01 1.000000000000000000e+00
