0.000000000000000000e+00
0.000000000000000000e+00
0.000000000000000000e+00
0.000000000000000000e+00
0.000000000000000000e+00
0.000000000000000000e+00
0.000000000000000000e+00
0.000000000000000000e+00
0.000000000000000000e+00
0.000000000000000000e+00
0.000000000000000000e+00
2.117468768155459091e-01
5.815954678472811779e+00
2.931497425944874280e+01
7.479305282152338918e+01
1.330310237238183504e+02
1.903631137269007070e+02
2.366041191751068595e+02
2.674286993556354446e+02
2.832586522808746849e+02
2.871765853479039379e+02
2.831303571734865727e+02
2.747784222069063844e+02
2.649310653590438278e+02
2.554213577058483224e+02
2.472279886554567838e+02
2.407039398797280967e+02
2.358126607694538848e+02
2.323201047268365755e+02
2.299265213342184495e+02
2.283431204569808415e+02
2.273276901071981513e+02
2.266942258911610111e+02
2.263087202297498095e+02
2.260793170365082858e+02
2.259455657568090032e+02
2.258690280863732482e+02
2.258259770863142535e+02
2.258021432297730939e+02
2.257891410941020354e+02
2.257821947878190940e+02
2.257821947878190940e+02
2.257821947878190940e+02
2.257821947878190940e+02
2.257821947878190940e+02
2.257821947878190940e+02
2.257821947878190940e+02
2.257821947878190940e+02
2.257821947878190940e+02
2.257821947878190940e+02
2.257821947878190940e+02
2.257821947878190940e+02
2.257821947878190940e+02
2.257821947878190940e+02
2.257821947878190940e+02
2.255704479110035550e+02
2.199662401093462449e+02
1.964672205283704329e+02
1.509891419662957901e+02
9.275117106400082889e+01
3.541908106091851494e+01
-1.082192438728765360e+01
-4.164650456781625820e+01
-5.747645749305549856e+01
-6.139439056008475148e+01
-5.734816238566741475e+01
-4.899622741908725487e+01
-3.914887057122469116e+01
-2.963916291802917513e+01
-2.144579386763763651e+01
-1.492174509190896359e+01
-1.003046598163477121e+01
-6.326163062201906939e+00
1.671628132073495143e+00
2.675404859028703441e+01
7.324755750214436034e+01
1.321189926204764333e+02
1.898365882849699346e+02
2.363069969264176677e+02
2.672653283866454785e+02
2.831718189823204739e+02
2.871328030494087216e+02
2.831104087315325728e+02
2.747714759006234431e+02
2.649310653590438278e+02
2.554213577058483224e+02
2.472279886554567838e+02
2.407039398797280967e+02
2.358126607694538848e+02
2.323201047268365755e+02
2.299265213342184495e+02
2.283431204569808415e+02
2.273276901071981513e+02
2.266942258911610111e+02
2.263087202297498095e+02
2.260793170365082858e+02
2.259455657568090032e+02
2.258690280863732482e+02
2.258259770863142535e+02
2.258021432297730939e+02
2.257891410941020354e+02
2.257821947878190940e+02
2.257821947878190940e+02
2.257821947878190940e+02
2.257821947878190940e+02
2.257821947878190940e+02
2.257821947878190940e+02
2.257821947878190940e+02
2.257821947878190940e+02
2.257821947878190940e+02
2.257821947878190940e+02
2.257821947878190940e+02
2.257821947878190940e+02
2.257821947878190940e+02
2.257821947878190940e+02
2.257821947878190940e+02
2.255704479110035550e+02
2.199662401093462449e+02
1.964672205283704329e+02
1.509891419662957901e+02
9.275117106400082889e+01
3.541908106091851494e+01
-1.082192438728765360e+01
-4.164650456781625820e+01
-5.747645749305549856e+01
-6.139439056008475148e+01
-5.734816238566741475e+01
-4.899622741908725487e+01
-3.914887057122469116e+01
-2.963916291802917513e+01
-2.144579386763763651e+01
-1.492174509190896359e+01
-1.003046598163477121e+01
-6.537909939017453098e+00
-4.144326546399316413e+00
-2.560925669161711937e+00
-1.545495319379014187e+00
