0.000000000000000000e+00
0.000000000000000000e+00
0.000000000000000000e+00
0.000000000000000000e+00
0.000000000000000000e+00
0.000000000000000000e+00
0.000000000000000000e+00
0.000000000000000000e+00
0.000000000000000000e+00
0.000000000000000000e+00
0.000000000000000000e+00
0.000000000000000000e+00
1.200046215450240317e-01
1.869603370653509344e+00
5.185245681510952664e+00
7.324789426132462644e+00
7.203852948364406039e+00
4.885684984830050759e+00
1.110876833096186012e+00
-3.045525258974783434e+00
-6.724367424195875742e+00
-9.431786824683477732e+00
-1.103764882271918246e+01
-1.092441302572803252e+01
-7.579752469477115895e+00
-1.694033117900624275e+00
3.211234706786085802e+00
5.649538976774655552e+00
7.595347774632174698e+00
1.071021528598210182e+01
1.478448978592900076e+01
1.813805712359177491e+01
1.749070154163877788e+01
1.259038554522732056e+01
6.112928478546509226e+00
-7.360987736981605689e-02
-5.227483178098490058e+00
-9.088459721351409115e+00
-1.221219539268826892e+01
-1.422248820787393342e+01
-1.258546513849571369e+01
-6.607710723092027116e+00
3.532488480870226710e-01
4.736468689806423882e+00
7.000907861563351986e+00
9.265996082208070916e+00
1.023068328762886736e+01
8.552360880433049317e+00
5.229870949523554913e+00
1.251511694802640573e+00
-2.720893241533458795e+00
-5.572186792182193926e+00
-7.366937857564660241e+00
-9.203477363118501842e+00
-1.095287696201216043e+01
-1.141074655907452495e+01
-1.011819501776556152e+01
-7.598977047943064278e+00
-4.702599056732674754e+00
-2.099478030314475774e+00
-1.390337357982852073e-01
1.104823498687017569e+00
1.724299192453151219e+00
1.883623787887030332e+00
1.754563955166098976e+00
1.480975512501193414e+00
1.163975246757759541e+00
8.652138648677627497e-01
6.144511255717217679e-01
4.200892141263876112e-01
2.771697706004863093e-01
1.774435354850959212e-01
1.104245194240497940e-01
1.970474170183120557e-02
-6.067914829139178234e-01
-4.400561258438133727e-01
2.083326550890071793e+00
5.211534880017851812e+00
6.328485028959986991e+00
4.814692261129200013e+00
3.764127621575006799e+00
5.282600717146383573e+00
7.002909376018012999e+00
8.160745094993632875e+00
9.866640279826601301e+00
1.099735140998692806e+01
9.718373662353275932e+00
5.265755856770715226e+00
-7.542763921839058527e-01
-5.563066535006711888e+00
-6.214878402362515430e+00
-2.342490891823808319e+00
2.057856362118683613e+00
3.834508302923657741e+00
3.188091196329596144e+00
8.893793250361368141e-01
-2.889715000065588235e+00
-6.853385443616510031e+00
-7.642942301712233544e+00
-4.572852855687353113e+00
-8.668854639684656638e-01
1.447759971897108588e+00
1.617297957732068525e+00
-1.068679855647636512e-01
-2.833990423691648886e+00
-5.687075453572196793e+00
-8.094994007686988624e+00
-1.039585665843164719e+01
-1.217475300573650188e+01
-1.219542490792724010e+01
-8.642483955943710328e+00
-1.693954975025500520e+00
4.521774066331156305e+00
6.414003675801722260e+00
4.302353977447372024e+00
9.297619819473804670e-01
-1.629894527111536817e+00
-2.769111446462069637e+00
-2.754190575276912689e+00
-2.094072907500957648e+00
-1.229877878106184097e+00
-4.422687614992659166e-01
1.365957571021466088e-01
4.807060521481194559e-01
6.256654534248615729e-01
6.316696828708492362e-01
5.582471696433095598e-01
4.519711163639402174e-01
3.418678422472403167e-01
2.455923199956945302e-01
1.689069575779986732e-01
1.117406511296748367e-01
7.171726937668987389e-02
4.453650411703380385e-02
2.708978048842378833e-02
1.589008930450414026e-02
9.061306095126087437e-03
