0.000000000000000000e+00
0.000000000000000000e+00
0.000000000000000000e+00
0.000000000000000000e+00
0.000000000000000000e+00
0.000000000000000000e+00
0.000000000000000000e+00
0.000000000000000000e+00
0.000000000000000000e+00
0.000000000000000000e+00
0.000000000000000000e+00
0.000000000000000000e+00
1.680064029604724507e-01
2.852652541998558000e+00
1.101784414163099868e+01
2.192117363174607192e+01
2.934375723516636114e+01
3.242133588915486087e+01
3.326538079384673807e+01
3.337928833890875069e+01
3.339841032009367439e+01
3.333087232925072385e+01
3.302584154827594887e+01
3.038303753592019874e+01
2.687684865392037636e+01
2.679169920378778613e+01
2.940495743697916708e+01
3.000665869419738030e+01
2.839369469623592579e+01
2.665693465037742627e+01
2.606158230735875136e+01
2.888449255238803204e+01
3.540872577073091776e+01
4.156144732205835624e+01
4.211796682589240959e+01
3.805601418387705337e+01
3.293399471717321347e+01
2.909737856576990112e+01
2.922548580261125295e+01
3.175502178948290322e+01
3.392706724087366865e+01
3.445935965717639249e+01
3.143388458689020837e+01
2.694132309317463125e+01
2.580720767994009179e+01
2.779426758939609243e+01
3.031707366846680429e+01
3.174960110368981248e+01
2.978479886289755996e+01
2.607602097591231427e+01
2.313897408348310236e+01
1.992232611490374694e+01
1.757013871473548505e+01
1.956333723823754056e+01
2.445656301525013276e+01
2.690856814701084687e+01
2.432317895258287876e+01
1.780666160181253943e+01
9.870257949999293956e+00
2.635541883033388100e+00
-2.755267178330261579e+00
-6.021192749514750808e+00
-7.423480624857905497e+00
-7.463340187672674375e+00
-6.673615585685322316e+00
-5.502033080300983592e+00
-4.260636601830647407e+00
-3.135634589430756236e+00
-2.211098638326236099e+00
-1.501444797833529909e+00
-9.872216903648766140e-01
-6.303414355759446863e-01
-3.912807570008800528e-01
-6.896666492307412799e-02
2.711795312355678611e+00
1.093646886355550762e+01
2.187457195553189493e+01
2.931757193954552321e+01
3.240754801687261022e+01
3.325783366896726534e+01
3.337526463068800808e+01
3.339704044931197302e+01
3.349887873221119605e+01
3.571048768731404266e+01
3.854822913555263852e+01
3.778017814403545316e+01
3.421428280720807891e+01
3.265054249392814256e+01
3.319933693200640334e+01
3.180752077173562498e+01
2.863091572768491488e+01
2.587097839133232924e+01
2.457902090156995456e+01
2.456349911386988438e+01
2.317655606559335268e+01
2.131998260041855886e+01
2.286782411807266158e+01
2.703635420472472006e+01
3.120916892416448718e+01
3.597200333854603116e+01
3.977672733383170112e+01
3.891807657449007962e+01
3.460562028510076971e+01
3.003401805907827082e+01
2.693048427425951630e+01
2.562707824552834879e+01
2.577189853966610400e+01
2.884773117878182092e+01
3.291644843802590970e+01
3.343378819211665842e+01
3.085514911791217685e+01
2.788912132921944931e+01
2.619691868049905992e+01
2.807005503210762498e+01
3.164230032660873349e+01
3.200132821651852311e+01
2.718861452438124715e+01
1.877315637072917553e+01
9.477554926276628322e+00
1.435812017415281749e+00
-4.305485051140916397e+00
-7.598734781941159255e+00
-8.837453436940363005e+00
-8.627276053003871681e+00
-7.572183680008404139e+00
-6.160217368905617441e+00
-4.723634734481582775e+00
-3.448724601348480245e+00
-2.415373419529607713e+00
-1.632129723120211207e+00
-1.068087548608309234e+00
-6.785751950964080681e-01
-4.206033349221528495e-01
-2.539725141044568146e-01
-1.505373222374284947e-01
-8.674644625858635161e-02
-4.884112621555195682e-02
